-0.09999999999999998
-0.8
-9.1
-0.44999999999999996
3.95
-0.1
7.199999999999999
13.75
7.1
-0.8
-0.10000000000000009
2.8
0.7
6.2
39.2
-0.1
0.8999999999999999
58.9
95.3
77.4
0.1
20.9
70.9
0.8999999999999999
120.9
-0.1
-0.1
30.9
120.9
50.9
0.1
120.9
160.9
0.8999999999999999
0.8999999999999999
0.20000000000000004
10.9
120.9
50.9
60.9
0.20000000000000004
120.9
0.8999999999999999
20.9
150.9
0.20000000000000004
10.9
0.8999999999999999
100.9
90.9
0.0
10.9
0.8999999999999999
50.9
130.9
0.1
140.9
70.9
160.9
30.9
0.6
120.9
40.9
50.9
80.9
-0.1
140.9
0.8999999999999999
0.8999999999999999
160.9
0.6
0.8999999999999999
20.9
20.9
0.8999999999999999
-0.10000000000000009
110.9
10.9
220.9
130.9
0.5
70.9
290.9
-0.1
30.9
0.4
200.9
20.9
0.8999999999999999
0.8999999999999999
-0.10000000000000009
0.8999999999999999
0.8999999999999999
0.8999999999999999
0.8999999999999999
0.0
80.9
0.8999999999999999
30.9
0.8999999999999999
-0.1
-0.1
30.9
20.9
20.9
-0.1
130.9
0.8999999999999999
310.9
110.9
0.30000000000000004
150.9
0.8999999999999999
20.9
30.9
-0.1
140.9
220.9
10.9
0.8999999999999999
0.20000000000000004
0.8999999999999999
0.8999999999999999
0.8999999999999999
10.9
0.5
60.9
0.8999999999999999
130.9
0.8999999999999999
0.6
-0.1
70.9
50.9
180.9
0.30000000000000004
0.8999999999999999
80.9
130.9
250.9
0.20000000000000004
70.9
20.9
100.9
0.8999999999999999
0.1
-0.1
70.9
0.8999999999999999
70.9
-0.1
30.9
60.9
80.9
60.9
-0.1
220.9
10.9
260.9
0.8999999999999999
2.9
20.9
0.8999999999999999
0.8999999999999999
140.9
0.4
10.9
0.8999999999999999
30.9
0.8999999999999999
-0.1
40.9
20.9
0.8999999999999999
30.9
6.8
0.7999999999999998
10.9
0.8999999999999999
50.9
-0.1
50.9
100.9
179.9
0.8999999999999999
0.1
10.9
0.8999999999999999
60.9
50.9
0.20000000000000004
0.8999999999999999
40.9
180.9
90.9
0.0
80.9
250.9
120.9
60.9
0.30000000000000004
0.8999999999999999
10.9
0.8999999999999999
50.9
0.30000000000000004
0.8999999999999999
0.8999999999999999
40.9
116.9
0.5
28.8
0.7999999999999998
40.9
27.8
-0.1
10.1
2.7
-0.7
7.5
-0.9
-3.4
0.0
-0.1
-0.8999999999999999
0.2
0.0
0.0
-9.0
0.3999999999999999
-1.55
-10.95
-1.05
-6.2
-5.3
-0.10000000000000009
0.9500000000000002
-1.35
-4.55
-16.0
0.15000000000000002
-0.20000000000000007
-0.7
0.30000000000000004
0.050000000000000044
0.2
-0.9
0.10000000000000009
0.3999999999999999
-0.10000000000000009
0.0
-0.4
-3.5999999999999996
-3.45
2.85
-2.05
-7.0
-1.9
0.0
-3.4
-0.1
2.5
1.2000000000000002
2.5999999999999996
-0.8
-0.1
0.0
1.4
-7.65
-0.25
-0.4
-5.6
-7.6
-4.05
1.9500000000000002
-0.8
0.7000000000000002
0.19999999999999996
-12.25
-5.3
0.1499999999999999
0.3999999999999999
-1.35
1.9500000000000002
-1.45
-0.5
-7.05
0.10000000000000009
5.7
1.6
0.1
-0.1
-1.4
0.0
1.7999999999999998
0.0
3.8499999999999996
-3.9
-0.8
-3.45
-2.0
-0.8
1.4500000000000002
-0.3999999999999999
0.6500000000000004
-0.1
-3.1
-0.8
0.1
-10.95
1.7000000000000002
0.9500000000000002
0.95
-3.4
-0.8
-0.8
-10.2
-0.05
-3.8
0.0
-0.5
-0.3999999999999999
-5.9
2.9
4.05
-0.1
0.0
-1.4
-1.0
0.0
-0.1
-4.55
-1.1
2.05
-1.1
-1.05
1.1
0.20000000000000004
0.0
9.85
0.30000000000000004
0.6000000000000001
-0.3999999999999999
-0.95
-0.5
0.1
-3.5999999999999996
-2.85
-1.0
0.0
0.0
-1.35
-0.8
0.19999999999999996
0.1
-2.05
-2.0
-0.6499999999999999
-1.15
0.0
-0.9
0.0
0.1
-2.65
1.2000000000000002
0.44999999999999996
-0.55
7.300000000000001
0.0
0.8500000000000001
0.44999999999999996
-0.30000000000000004
-1.1
0.6000000000000001
-0.9
1.4500000000000002
-0.55
0.1
-0.5
-8.4
-1.1
-5.05
-0.44999999999999996
-3.6
-1.5
-0.1
-6.4
-11.65
-8.1
-2.9
0.1
0.20000000000000004
-1.5499999999999998
1.25
-0.050000000000000044
0.6000000000000001
-4.9
0.0
-0.44999999999999996
-0.10000000000000009
-1.1
-0.7
0.0
-0.1
0.19999999999999996
0.0
-3.1
-1.45
0.20000000000000004
-3.4000000000000004
0.10000000000000009
-0.9
0.0
0.0
0.0
0.0
0.20000000000000004
-0.09999999999999998
-0.5
0.0
0.0
0.0
0.0
-1.1
-1.4
-3.05
-12.9
-2.5
-5.8
-0.1
-0.19999999999999996
0.4
-0.050000000000000044
-1.8
0.0
-0.10000000000000009
-3.3
-6.0
-7.95
-8.4
-0.1
0.1
-5.45
-1.8
-2.55
-1.25
0.10000000000000009
-1.1
-1.4500000000000002
-3.45
-0.05
0.1
-3.45
1.9500000000000002
-3.4000000000000004
-0.1
1.2000000000000002
-2.0
-1.05
-1.2999999999999998
-0.050000000000000044
-3.85
2.45
-0.6499999999999999
-5.5
-1.55
0.19999999999999996
0.20000000000000004
-3.8
-0.050000000000000044
-0.1
-0.4
-0.9
-4.9
-4.45
-1.0
-1.95
2.15
0.1
2.0
3.8499999999999996
-3.5
4.0
0.1
-1.65
0.30000000000000004
3.0
-1.4000000000000004
-1.3
3.8
0.0
-7.45
-1.05
-8.3
-5.4
-1.0
0.1
-0.6
-2.4
-5.4
0.0
1.9
1.5
1.7999999999999998
-8.55
-0.45
-0.6499999999999999
1.9500000000000002
0.0
-0.5
-0.1
0.0
0.4500000000000002
-1.0
-5.5
-1.8
0.0
-2.55
0.20000000000000004
-3.1
-0.1
-0.050000000000000044
0.0
-10.0
3.95
-0.1
-6.1
-2.65
-0.7
0.19999999999999996
-1.45
-3.4
0.30000000000000004
-3.55
-1.15
0.0
2.5
-2.0
0.0
5.35
0.0
-5.05
-0.9
0.0
0.10000000000000009
-1.65
0.10000000000000009
-4.0
-1.6
-0.9
-2.05
-2.4
-1.5499999999999998
-6.1
-1.15
0.1
-1.4
0.10000000000000009
-8.4
-0.7
-0.09999999999999998
5.5
-0.6
5.6
1.2999999999999998
-0.6
-3.5
0.0
0.0
-2.45
1.5
-0.95
-2.95
1.25
4.45
-0.1
-0.95
0.0
0.30000000000000004
2.0
-1.0
-3.0
2.15
-4.15
-0.3999999999999999
-1.2
1.4
6.05
-5.9
-11.15
0.20000000000000004
-1.05
0.20000000000000004
-5.4
-7.1
-0.1
-1.4
-0.7
1.0499999999999998
-2.9
-0.9
-0.1
1.2999999999999998
0.19999999999999996
0.0
-0.45
-0.8
-0.2999999999999998
-3.2
-2.8
0.1
0.5499999999999998
-0.4500000000000002
0.0
0.3999999999999999
0.0
-0.9
-2.0
0.44999999999999996
-0.9
-0.75
-6.1
-0.9
-3.55
0.7
-1.3
-0.5
-0.05
1.9
-3.55
-0.1
0.0
0.20000000000000004
4.75
2.75
0.0
-3.65
-0.30000000000000004
-0.1
-1.4
-0.1
2.45
0.1
0.0
-0.55
-0.15000000000000002
0.3500000000000001
-6.9
-0.050000000000000044
-4.1
0.0
-0.8
3.0999999999999996
0.95
-7.1
-0.4
0.20000000000000004
-0.85
-1.8
4.1
0.050000000000000044
-1.9
1.0499999999999998
-7.5
1.85
-2.5
-3.05
-0.8
-0.10000000000000009
-2.1
-0.55
-0.3999999999999999
-0.1
-0.10000000000000009
-2.4
0.1
-1.75
0.3500000000000001
3.45
-4.6
0.0
-1.85
-2.9
0.0
0.9500000000000002
-2.05
0.95
0.0
-0.7000000000000002
-6.0
-0.4
0.7000000000000002
-0.30000000000000004
0.25
-0.7
-0.4
0.30000000000000004
0.7999999999999998
-2.05
0.1
-0.1
-6.6
-1.05
-0.19999999999999996
2.9
-1.0
-0.10000000000000009
-5.95
-1.6
-6.05
-0.1
-7.0
0.0
0.8999999999999999
0.8999999999999999
-0.050000000000000044
-2.1
-0.1
-0.7
-1.3
0.0
-0.7
0.30000000000000004
-0.5
1.1
0.0
0.4500000000000002
-1.0
-3.4
0.1
-0.1
-0.30000000000000004
0.0
-1.45
-1.9
-0.1
-1.55
0.95
-5.55
-2.6
-0.1
-1.1
-7.15
0.8
2.45
-2.45
-0.7
-1.05
0.0
-2.4
-0.1
-0.55
-6.8
-1.15
-6.55
-0.1
0.0
-3.8
-0.3999999999999999
-6.85
-1.0
0.10000000000000009
0.3500000000000001
-2.9
-2.9
0.1
-0.9
0.10000000000000009
-4.7
-3.8
-0.1
-7.0
-0.44999999999999996
-4.5
-0.09999999999999998
-0.1
-1.05
0.050000000000000044
2.0999999999999996
0.0
-0.2
-0.44999999999999996
-3.1
-0.050000000000000044
-4.5
-0.4
0.6000000000000001
0.1
0.3500000000000001
0.3999999999999999
2.1
-1.5
-6.05
-0.10000000000000009
-2.6
-0.1
-6.4
-2.65
-7.4
4.6
0.0
-3.9
1.7000000000000002
-0.6
0.1
2.0
-1.0
-4.8
3.1500000000000004
-3.0
0.20000000000000004
-0.85
4.7
0.7999999999999998
0.19999999999999996
-0.1
-2.05
-6.0
1.6
0.8500000000000001
-1.9
-0.9
0.0
-4.8
0.20000000000000018
0.1
-5.4
-12.5
0.0
0.3500000000000001
-1.4
0.9500000000000002
0.0
0.6000000000000001
-7.05
-1.4
-9.4
-6.45
-2.9
-0.9
-0.1
-1.1
-5.55
-0.1
0.1
-0.1
-0.95
-3.05
-11.55
0.0
-1.0
0.6000000000000001
-7.8
1.1
-1.0
-1.4
-1.1
-1.6
4.0
4.1
0.1
-2.0
-4.55
-0.1
-0.1
-1.1
0.8999999999999999
-2.6500000000000004
0.30000000000000004
-2.5
-1.95
0.0
-1.1
-0.5
-0.1
-0.95
0.44999999999999996
-2.5
-3.5
-0.050000000000000044
0.1
0.1
-0.30000000000000004
-1.4
-0.7
-0.1
-0.8
0.19999999999999996
3.5
0.8999999999999999
-0.55
0.0
-7.05
-2.7
-1.2
-2.6
-11.6
-1.2
1.1
0.8
-0.1
-9.5
2.3
3.5500000000000007
1.7000000000000002
-2.05
-2.05
0.30000000000000004
-0.9
2.05
0.1
2.5
0.0
-0.44999999999999996
-0.09999999999999998
-0.85
-0.8999999999999999
2.1
1.0499999999999998
-0.6000000000000001
0.0
2.1
-0.7
-4.5
-0.95
0.0
-5.55
0.0
0.8999999999999999
-6.2
-0.05
-6.0
0.10000000000000009
0.7999999999999998
-1.9
-0.6
-16.5
1.15
0.0
-3.0
-0.9
-0.8
3.5999999999999996
0.0
-8.9
-0.1
-0.44999999999999996
0.10000000000000009
-3.5
-1.95
-0.9
3.2
0.0
0.1
-1.5499999999999998
-0.7
-0.5
-6.9
-14.15
-4.4
1.1
-4.65
0.1
0.1
0.6000000000000001
-0.1
-1.9
0.1
0.0
-0.9
0.0
-1.95
1.7000000000000002
-0.2999999999999998
-6.0
0.20000000000000004
0.8999999999999999
-0.05
-6.9
-6.45
-1.0
1.0499999999999998
0.1
1.1
-4.05
-1.2
1.6
-0.6000000000000001
-1.8
0.75
3.0999999999999996
-1.9
-3.55
-0.1
1.1
-2.6
0.050000000000000044
-4.9
-1.35
1.0499999999999998
-0.09999999999999998
0.1
1.1
1.1
-6.55
-1.2
0.0
-0.6
0.0
-11.4
-1.0
2.05
0.0
-0.050000000000000044
-0.050000000000000044
-1.5
-7.4
7.5
0.95
1.4500000000000002
-0.4
2.6
-6.45
-3.6
0.1
-0.1
0.20000000000000004
0.1499999999999999
-2.9
0.0
-0.1
-0.95
-2.1
2.65
1.0499999999999998
-0.55
0.1
-9.05
-4.1
-0.19999999999999996
-0.1
-8.1
-1.15
-7.3
0.10000000000000009
-0.9
-0.6
-1.55
-3.45
3.3
0.1
-0.5
-0.55
-0.050000000000000044
-3.55
-0.1
0.050000000000000044
-2.1
0.0
-0.5499999999999998
-0.1
-2.2
-11.15
3.7
0.5
0.10000000000000009
-0.44999999999999996
1.5499999999999998
2.05
0.5999999999999996
-1.1
6.3
-1.15
-7.05
3.0999999999999996
-0.1
-1.9
-2.6
-1.9500000000000002
1.85
-1.5
0.1
-3.05
-7.7
-0.09999999999999998
-0.45
-0.44999999999999996
0.0
0.0
0.30000000000000004
1.3877787807814457e-17
0.3999999999999999
-5.9
0.0
-9.0
-1.0
0.19999999999999996
-2.35
-0.55
2.15
0.05000000000000002
-4.55
0.5
-0.8
-9.05
0.1
0.20000000000000018
-0.1
-3.1
1.7999999999999998
-1.65
3.0
-1.45
-0.050000000000000044
-0.44999999999999996
-1.55
-3.45
-3.9
0.10000000000000009
-2.5
-0.15000000000000002
-0.7
-5.5
-0.3999999999999999
-6.05
0.0
-7.0
0.30000000000000004
-0.7
-5.4
0.95
1.0499999999999998
-0.30000000000000004
1.2000000000000002
-0.9
-0.55
0.20000000000000004
0.0
0.20000000000000004
-0.7
0.10000000000000009
-1.4
0.0
1.2999999999999998
0.8999999999999999
-0.1
2.2
1.9500000000000002
-1.0
-0.44999999999999996
0.0
1.0
-4.4
-0.7
1.35
-0.9
6.15
0.0
-5.5
-4.1
-0.6
1.2000000000000002
0.0
-10.5
1.6
-0.1
-0.19999999999999996
-1.4
-0.1
0.0
0.0
-1.9500000000000002
-3.45
1.4500000000000002
0.050000000000000044
0.0
3.45
-0.85
0.4500000000000002
-0.95
-0.8
-0.55
-1.95
-0.19999999999999996
-0.10000000000000009
-0.25
-3.4000000000000004
0.0
-5.4
3.3
-1.0
0.7000000000000002
-1.8
-14.3
-4.7
-1.65
-3.9
0.20000000000000004
-3.4000000000000004
-4.8
-1.5
-2.9
-6.7
2.9
-2.55
-1.1
-1.05
0.1
-0.8
-0.75
-1.4
-6.45
-3.6
-0.8
-1.5
-1.4
0.0
-2.35
-1.0499999999999998
-1.5
0.0
-2.45
3.4000000000000004
-1.9500000000000002
-0.3999999999999999
-1.05
-10.55
-3.05
-0.8
-5.65
-0.1
-2.3
-1.55
-0.8
-9.3
-0.15000000000000002
-1.15
-4.4
-4.6
-0.9
-1.3
0.6000000000000001
-0.6000000000000001
-1.5
-2.5
-0.15000000000000002
-0.8499999999999999
-0.6000000000000001
-0.6
-3.9
0.0
1.2000000000000002
-2.1
-7.1
-1.45
-1.0
-4.95
5.6
-0.85
-3.4
-0.9
-5.1
0.0
-1.5499999999999998
-0.3999999999999999
0.0
-0.050000000000000044
-0.95
0.10000000000000009
4.35
-0.4
-0.10000000000000009
5.0
-1.9500000000000002
1.0
-0.1
-3.1
-0.9
-2.05
-5.5
-0.1
2.05
-0.5
-0.09999999999999998
-0.050000000000000044
0.0
-5.55
-5.6
0.7000000000000002
0.0
-0.6
-3.05
-10.95
0.0
-0.1
-1.0
-1.4
3.45
0.1
-1.2999999999999998
-1.1
0.3999999999999999
-7.5
-12.1
0.3500000000000001
0.0
1.9500000000000002
-0.5499999999999998
0.5
-0.9
-0.7
-0.7
-0.1
-1.5
-0.7
-1.0
-0.7
-0.95
3.8499999999999996
-10.9
-0.1
-1.9
-0.7
1.9500000000000002
-0.7000000000000002
0.0
0.0
-0.9
-3.05
-1.9
-0.1
-5.05
-6.55
1.9
-6.9
-1.0
3.45
-0.9
-1.5499999999999998
-3.95
0.0
0.0
-0.1
-0.7
1.7000000000000002
-1.2
2.45
-5.45
-0.5
1.9500000000000002
0.4
-3.1
-7.4
0.10000000000000009
-8.55
-1.0
-1.9
0.0
-0.8
-7.9
-0.1
-11.95
-0.3999999999999999
-4.95
-5.4
-0.4
0.0
3.0999999999999996
-5.95
-0.6000000000000001
-2.6
1.5
-8.5
0.0
-0.95
-0.55
1.2000000000000002
3.05
-18.1
-1.55
0.1
-9.05
-2.9
-1.95
-1.9
-2.1
-0.9
-0.9
-0.050000000000000044
-7.1
-0.15000000000000002
0.1
-8.3
0.1
0.0
-0.9
-2.85
-0.8
0.0
-4.9
0.0
-3.6
0.0
0.10000000000000009
2.95
-0.3
-4.0
0.1
-10.5
-0.55
-0.6
-0.050000000000000044
2.5
0.0
-1.8
-1.6
-6.9
1.0500000000000007
-0.3999999999999999
-2.5
-1.0
-1.0499999999999998
-6.6
0.19999999999999996
0.0
0.0
0.19999999999999996
-3.85
1.9
0.1
0.0
2.55
-0.7
0.1
-0.7
0.95
-2.5
3.0999999999999996
2.45
-0.8
-1.15
-1.0
0.95
-0.7
0.10000000000000009
-0.1
-4.45
-2.9
-2.5
0.1
0.0
-3.45
-0.5
0.0
-1.5
1.5
-0.55
-3.4000000000000004
-3.1
-0.75
-2.55
1.4500000000000002
2.05
-0.050000000000000044
-0.05
0.0
-10.4
3.9000000000000004
-0.10000000000000009
0.1
-1.05
-5.55
-2.7
0.0
0.1
-0.050000000000000044
1.0
-6.0
-0.9
0.0
-0.1
0.050000000000000044
-6.35
-0.8
-4.45
0.95
-0.8
3.5
0.3999999999999999
0.1
0.8500000000000001
0.0
-3.35
-2.95
-0.55
-0.3
-4.95
0.0
-0.6499999999999999
1.15
0.1
-0.7
0.8999999999999999
0.8
-8.1
-0.05
0.10000000000000009
0.10000000000000009
-7.45
-1.35
-1.9
-0.85
1.4
-0.55
-5.5
0.25
-2.45
0.0
-5.1
1.4
0.10000000000000009
0.1
0.0
2.45
-1.0
-3.6
1.9500000000000002
-2.05
0.05000000000000002
0.1
0.0
0.8500000000000001
-0.9
-0.8
-5.9
0.0
-4.15
-1.1
0.20000000000000004
-1.2
-1.45
0.0
2.25
-3.05
-10.45
-1.0
2.3
-2.05
-6.5
0.30000000000000004
0.20000000000000004
1.7999999999999998
-3.45
3.05
2.05
-0.10000000000000009
-0.4500000000000002
-0.6
-0.44999999999999996
-4.0
-0.85
-5.6
-0.44999999999999996
-5.5
-0.7
-0.75
0.1
-0.9
-4.05
0.3999999999999999
0.20000000000000004
0.5
1.4500000000000002
-4.05
-5.5
-0.1
-4.3
0.0
-5.4
-0.7000000000000002
0.10000000000000009
-0.8
1.4
-0.8
-3.6
-1.25
0.0
-2.85
-2.15
0.20000000000000004
-0.1
1.4500000000000002
0.20000000000000004
0.0
-0.7
-4.1
-0.19999999999999996
1.7000000000000002
0.0
-4.95
0.0
-0.8
3.5999999999999996
-1.5999999999999996
0.0
0.0
-1.5
1.2000000000000002
-1.1
-1.2
-4.05
1.75
3.2
1.1
-6.0
0.0
-0.15000000000000002
-0.8
-4.9
-1.1
-0.1
-0.6
0.0
-1.55
-0.5
-0.1
-1.7999999999999998
-1.05
-0.1
-3.05
-0.25
-7.1
0.0
-5.4
-9.9
-0.1
-1.0
1.0499999999999998
0.0
0.0
-1.45
-0.85
-12.95
-6.8
0.0
-0.6
-1.7
1.2000000000000002
2.4
-2.55
0.0
0.95
0.5
-6.85
0.10000000000000009
0.1
-1.1
0.5
-4.55
1.1
-0.1
-0.9
-12.2
2.2
-3.5
-0.6
-6.4
-0.8
-0.44999999999999996
0.5
0.1
-2.6500000000000004
0.5
4.45
1.5
-0.3
-1.9
-0.9
0.1
-5.4
-1.05
1.2000000000000002
0.19999999999999996
0.10000000000000009
0.0
-1.05
0.10000000000000009
-0.05
-9.95
0.0
0.10000000000000009
0.0
-1.0
-0.050000000000000044
1.2999999999999998
-1.4
1.1
-4.15
-0.7999999999999998
1.1500000000000004
-0.1
-5.4
-1.45
0.0
1.6
2.7
0.0
-7.2
-2.6
-2.9
-1.45
-1.2
3.05
-0.75
-5.9
0.0
0.44999999999999996
-0.2999999999999998
-1.75
1.9500000000000002
1.5499999999999998
2.2
-0.9
0.95
-3.3
0.0
1.6
5.2
-3.1
-0.85
0.20000000000000004
-4.95
-0.8
3.45
-1.1500000000000004
-0.2
4.15
0.19999999999999996
-4.0
0.0
-1.05
-0.5
2.45
4.0
-0.3500000000000001
-0.15000000000000002
-1.4
-12.95
0.1
-11.95
-0.3
2.1
-11.1
1.2000000000000002
-2.15
-1.2
-0.3999999999999999
-1.05
-0.9
-4.45
0.0
0.0
-1.5
0.1
-3.05
-0.8
2.45
-5.6
-0.75
0.050000000000000044
-1.55
0.3999999999999999
-0.15000000000000002
2.95
2.5
-0.5
1.7999999999999998
-1.45
0.1
2.45
-1.8
-2.4
0.0
0.0
-0.30000000000000004
-1.1
-8.4
3.1500000000000004
0.1
-3.2
-0.1
0.1
-5.1
-0.050000000000000044
0.0
-0.9
-5.45
3.2
3.5
-2.3
-0.65
-2.8
-5.15
0.0
-0.55
-0.1
-8.95
3.45
0.0
0.1
-0.1
-4.85
-0.050000000000000044
6.0
0.20000000000000004
-0.5
-4.45
-0.9
2.4000000000000004
0.1
0.1
0.10000000000000009
-0.9
0.8500000000000001
-0.09999999999999998
0.0
-1.5499999999999998
1.1
-4.1
-4.45
-0.45
5.05
-4.05
-0.9
-2.6
-0.4
-6.7
-2.9
-0.8
-10.9
0.35
0.050000000000000044
-4.6
-2.15
-0.050000000000000044
-1.95
1.7999999999999998
1.0
0.30000000000000004
1.7000000000000002
-1.0
0.19999999999999996
-4.5
0.0
-3.4
-0.15000000000000002
-0.05
-7.449999999999999
3.5999999999999996
-0.6
0.0
-2.5
-3.45
0.4
-0.95
1.6
0.0
-3.9
-0.6
-3.0
-0.1
0.95
0.05000000000000002
-1.05
-0.7
-1.6
-1.9
-0.6499999999999999
-0.1
-2.1
-1.0
-0.6
-6.2
-1.9
0.1
0.5
0.19999999999999996
0.0
-3.3
-5.9
-0.05
-8.55
-0.050000000000000044
1.2000000000000002
0.0
-0.05
-0.05
-7.5
-1.1
0.0
0.95
3.7
-3.05
0.0
-1.45
-1.45
-1.05
-2.5
3.55
1.7000000000000002
-1.5
-10.9
0.5
-3.4
0.0
-3.6
-2.75
-0.9
-0.8
0.6000000000000001
-1.0
-1.2999999999999998
-1.8
-0.1
-0.05
-0.3
0.1
-0.8
4.0
-0.9
0.1
-0.8
-1.0499999999999998
4.5
0.7000000000000002
-1.6
0.0
0.0
0.5
-0.55
-0.1
-11.4
0.5
-5.05
-1.8
-0.1
-6.050000000000001
-1.1
3.4000000000000004
1.4
-0.65
-0.6
-6.8
-6.0
-6.8
-0.1
0.050000000000000044
-5.4
-4.05
-0.6
-0.4
-0.09999999999999998
-5.8
-2.05
-6.9
0.1
0.40000000000000036
-0.30000000000000004
-1.65
0.1
-0.4
-4.55
0.0
-0.10000000000000009
-2.9
-1.05
-0.6
0.1
0.3500000000000001
5.0
0.09999999999999998
-0.6000000000000001
-10.4
0.1
-6.8
0.30000000000000004
-4.9
0.0
0.1
0.0
0.0
0.10000000000000009
-9.8
-3.9
3.0
-1.2
-4.2
-8.4
-6.95
-0.9
0.1
1.4500000000000002
0.7
-0.30000000000000004
-0.15000000000000002
1.0
-2.65
-0.6
-5.1
-3.1
2.0
0.0
1.15
-2.5
-0.9
-1.6
1.2000000000000002
0.25
0.1
0.30000000000000004
0.44999999999999996
-1.0
-1.05
-8.05
-3.4
0.1
-4.55
-13.3
0.10000000000000009
-6.6
-0.65
-14.1
1.4500000000000002
-0.75
-0.6000000000000001
0.2
0.1
-7.05
-13.5
-10.4
0.10000000000000009
-3.8
0.10000000000000009
-10.0
0.8
-0.8999999999999999
-1.0
-1.4
0.5
-2.9
-1.0
-1.0
-7.2
-0.55
-3.1
1.4
-0.3999999999999999
-1.2
-1.05
2.4
-0.1
-0.1
-1.5
0.0
0.1
-0.1
0.95
0.050000000000000044
-3.5999999999999996
-7.5
0.0
-0.1
0.0
-4.85
-3.3
0.0
1.4
-3.4
0.10000000000000009
-5.0
-0.1
0.0
0.1
0.5
0.20000000000000004
0.1
-2.6
1.1
-0.95
0.19999999999999996
-0.65
-1.9
-1.3
0.0
-4.4
-1.15
0.1
0.0
0.0
-1.0
-0.55
0.5499999999999998
0.10000000000000009
-1.3
-1.8
-0.1
-3.7
-0.6499999999999999
0.6000000000000001
-6.35
-0.7
4.3
-0.9
-2.05
-0.9
-0.1
-4.4
0.6000000000000001
0.1
0.8500000000000001
-0.15000000000000002
-0.9
-2.55
-0.9
2.25
0.0
0.0
-2.05
1.2000000000000002
-4.55
0.0
-1.5
-0.6
-2.3
1.0499999999999998
0.1
0.8999999999999999
-1.4
-2.95
1.6
-0.1
-0.1
-0.1
0.10000000000000009
-0.3500000000000001
-0.8
-4.5
-5.0
-6.75
-2.65
-0.25
-2.4
-0.8999999999999999
-15.0
-1.15
-0.1
-4.6
-0.8
-2.4
-0.5
-0.1
-1.45
0.55
-2.1
0.0
-0.9
1.1
-2.95
-0.050000000000000044
-0.55
-1.05
-0.8
0.1
-1.9500000000000002
3.0
0.1499999999999999
2.1
0.0
-0.8
0.1
-0.6
-2.45
1.4
-1.9
0.44999999999999996
-1.7
-4.6
-0.050000000000000044
0.1
3.5999999999999996
-0.15000000000000002
-1.0
-8.95
0.1
0.19999999999999996
-0.7
-1.3
0.20000000000000004
-2.05
2.1
-0.6
-7.0
-4.3
1.35
-0.8
0.0
0.050000000000000044
0.6000000000000001
-0.7
-0.4
-1.05
1.6
0.1
-0.1
-1.2
-0.050000000000000044
0.1
-0.8
0.0
-0.75
0.0
-1.05
-11.9
-0.30000000000000004
0.0
1.4500000000000002
-11.65
-5.1
-3.9
-2.4
-0.09999999999999998
-9.4
2.8499999999999996
1.0
0.30000000000000004
1.6
-4.5
-1.3
-0.4
-0.1
-0.1
-0.6
-0.6
0.30000000000000004
0.20000000000000004
0.0
-0.7
-16.6
-7.35
-5.9
-0.5
0.1
-0.04999999999999982
-0.6499999999999999
3.05
-1.0
-1.0
0.0
-1.05
0.0
0.1
0.25
0.95
2.95
-4.05
-0.8
-3.65
0.0
0.0
-4.8
0.1
-10.35
-5.1
0.8999999999999999
1.2000000000000002
0.0
-6.9
0.6000000000000001
0.0
-2.5
-1.5
1.6
-2.2
0.0
-9.6
-0.1
-6.45
1.0499999999999998
0.1
-5.0
-0.1
0.05000000000000002
-0.050000000000000044
-4.3
-0.8
-0.8
1.2000000000000002
-5.9
-0.09999999999999998
-5.9
0.10000000000000009
-1.0
-1.6
0.1
0.10000000000000009
-1.05
-2.2
-0.95
1.7999999999999998
-0.7
1.1
-5.05
0.6000000000000001
0.0
0.0
0.44999999999999996
0.19999999999999996
-1.25
-0.30000000000000004
1.0
-1.4
3.9000000000000004
-9.3
0.5499999999999998
-3.7
-1.5
-0.30000000000000004
-0.55
-1.45
4.1
0.0
-0.9500000000000002
-2.6
0.95
-3.05
2.0
4.0
-1.1
-2.9
0.20000000000000004
1.2000000000000002
-0.6
-1.0
1.5
0.1
-0.1
0.20000000000000004
2.5
-1.4
-0.1
-2.0
-2.05
-1.15
-5.5
-1.6
0.0
1.7000000000000002
1.0
0.0
-0.8
-0.15000000000000002
1.1
-1.55
-1.0499999999999998
3.25
-0.1
-2.95
0.1
-1.4
-0.9
-0.4
-0.9
-1.9
-0.6
-3.7
2.65
0.19999999999999996
-1.55
0.20000000000000004
-6.8
-0.05
-4.1
0.1
-1.0499999999999998
-0.9
-0.1
0.1
-0.2999999999999998
-0.55
0.10000000000000009
-0.1
3.0999999999999996
-2.8
-0.4500000000000002
0.10000000000000009
0.0
1.7999999999999998
0.0
0.0
-2.95
-2.1
-6.65
-0.5
-1.95
0.050000000000000044
0.30000000000000004
-0.5
-11.5
2.3
-4.3
-0.55
-0.1499999999999999
2.0
-0.85
0.20000000000000004
0.1499999999999999
-0.8
-2.05
-0.5499999999999998
1.9
-2.65
1.0499999999999998
0.0
0.8500000000000001
-1.6
0.1
4.7
0.0
-4.55
-0.3500000000000001
-0.050000000000000044
-2.9
-2.6
-0.9
-0.5499999999999998
-0.45
-0.4500000000000002
-10.35
0.6499999999999999
-0.050000000000000044
-0.1
-0.9
-8.8
-5.15
4.0
-0.1
2.7
-2.0
0.3999999999999999
0.1
-1.6
2.0
1.4500000000000002
0.19999999999999996
-4.8
-0.05
2.1
-6.55
-9.8
0.6000000000000001
-1.05
-7.3
-2.6
-0.7
0.1
0.0
0.5
-1.9
-6.7
1.0
-0.1
-3.8499999999999996
-3.0
0.10000000000000009
-1.65
-1.15
-0.8999999999999999
-3.85
-1.7
0.6000000000000001
-1.5
1.2000000000000002
5.45
-4.0
-5.4
-1.1
0.4500000000000002
-6.15
-10.3
0.5
-0.05
0.1
0.19999999999999996
-1.4
-2.5
0.10000000000000009
-14.55
-2.3
-1.8
-0.5
-0.3
0.0
-0.8
-1.45
0.1
-0.6
-0.09999999999999998
-3.9
0.0
1.6
0.0
-9.55
-1.05
-3.0999999999999996
-0.55
-0.1
-2.8
0.30000000000000004
-1.0
-1.4
-1.0
0.1
0.8500000000000001
-8.95
-1.4
-2.05
-0.050000000000000044
-11.9
-2.55
0.1
-0.1
0.0
-10.35
-6.0
1.9500000000000002
-0.1
-0.1
-3.2
-0.8
-0.7
-0.8
-2.6
-2.4
0.20000000000000004
-0.9
-1.45
2.3
2.7
0.20000000000000004
0.20000000000000004
-1.1
-3.55
1.1
1.7999999999999998
-0.050000000000000044
0.2
0.5
-0.4
-3.6
-4.95
0.1
-2.05
-4.15
-6.9
-1.2
-1.6
-5.550000000000001
-0.65
-0.1
1.6
0.2
0.3999999999999999
-1.5
-11.8
1.2999999999999998
-1.0
-10.5
-2.55
-0.44999999999999996
-5.1
-1.05
-0.75
0.0
-0.5
-1.3
-0.45
-4.1
-0.8
-6.05
-2.5999999999999996
-0.050000000000000044
1.6
3.05
0.050000000000000044
-1.1
-0.9
-6.6
0.8999999999999999
0.1
0.55
0.0
-5.4
0.0
-10.65
-3.0
-1.4
-0.050000000000000044
-1.1
0.0
0.1
-0.45
-5.8
-1.3
0.1
-1.1
-1.6
0.30000000000000004
-1.0
-2.5
-1.35
0.1
2.5
0.050000000000000044
-1.35
0.30000000000000004
0.0
-6.4
-4.0
0.0
-0.5499999999999998
-0.1
0.1
0.9500000000000002
-0.85
-9.05
-1.0
-0.75
1.9500000000000002
-0.95
-1.1
-0.6
-6.05
-0.09999999999999998
-5.0
-0.05
-0.8
-0.5
1.4500000000000002
-0.9500000000000002
-0.9
-0.1
-2.05
0.1
-4.4
1.9500000000000002
-2.4
-2.0
-6.55
0.050000000000000044
-0.7
-0.8
-7.45
-0.3999999999999999
-6.4
0.8999999999999999
-1.55
-5.55
-2.9
-1.05
1.1
-0.1
2.95
0.1
0.7000000000000002
0.30000000000000004
-1.2000000000000002
-0.8
-3.45
-0.9
-0.1
-0.55
0.0
-0.8
-5.4
0.1
-0.9
-0.6499999999999999
-8.05
1.1
-1.7
-0.29999999999999993
-1.5499999999999998
0.8999999999999999
-1.9
0.0
0.0
-1.05
-2.45
0.1
0.19999999999999996
-0.6
-4.05
0.0
-1.0
0.1
-0.9
0.0
-0.6
-0.09999999999999998
-2.4
-1.3
-0.5499999999999998
0.10000000000000009
2.3
0.0
-1.0
-5.0
-5.5
0.0
0.0
-1.1
-2.05
-1.8
0.5499999999999998
-6.15
-0.6
-1.05
-0.9
0.0
0.20000000000000004
-0.1
-2.55
-3.1
-2.9
0.0
-0.1
-3.0
-0.7
0.55
0.30000000000000004
-1.05
0.0
0.0
1.5
-2.05
-0.95
0.7
0.0
-2.5
-1.45
-0.1
0.1
-3.5
2.45
-1.1
-0.05
-2.45
-2.3
-0.4
1.1
0.0
0.19999999999999996
-2.4
-2.0999999999999996
-0.6000000000000001
-1.1
-4.0
-3.4
-4.55
-0.9
0.5
0.1
-3.7
0.1
-6.1
-0.95
-0.7
-5.9
-0.10000000000000009
-3.95
0.55
-0.1
-2.4
-0.7
-3.95
-0.1
-1.15
-0.10000000000000009
3.0999999999999996
-0.9
-0.1
-0.9
-4.35
0.0
0.30000000000000004
-1.05
-5.4
0.0
-6.1
-0.8
-0.1
0.8500000000000001
-5.45
-0.5999999999999996
-2.8
-0.1
2.5
0.0
-5.55
-1.85
-0.1
-1.6
-1.6
-7.8
-1.9
-2.1
1.15
0.6000000000000001
0.050000000000000044
-2.5999999999999996
-1.05
0.20000000000000018
-11.1
-4.65
-2.05
-0.1
2.05
0.3500000000000001
1.4500000000000002
0.0
-0.1
0.050000000000000044
0.0
0.25
0.19999999999999996
-1.05
-0.44999999999999996
0.5
0.6000000000000001
0.20000000000000004
-0.1
1.2000000000000002
-1.9
-0.40000000000000036
-1.5
-0.05
-3.6500000000000004
-2.1
-3.7
-2.1
1.2000000000000002
0.20000000000000004
-1.9
-1.55
1.0
-1.0
-6.7
-1.1
-9.55
0.0
0.20000000000000004
-2.15
0.0
1.4500000000000002
-4.0
-0.09999999999999998
2.2
-1.7
-2.5
-2.4000000000000004
-0.1
0.1
0.20000000000000004
0.0
0.44999999999999996
1.95
2.0
0.19999999999999996
-0.20000000000000018
-6.6
-0.1
-1.65
-0.050000000000000044
0.0
-1.2999999999999998
-0.55
0.8500000000000001
0.20000000000000004
5.05
-1.3
-0.95
0.10000000000000009
0.0
2.1
0.0
0.0
0.0
-1.5
-0.8
0.1
-0.6
-5.5
0.10000000000000009
-0.1499999999999999
-4.6
-0.6
0.0
-0.04999999999999982
3.2
1.5
1.1
0.0
-0.8
-1.1
1.4
0.0
0.0
-0.4
0.6000000000000001
-6.7
-1.5
-5.05
-10.4
0.0
-9.9
0.0
-9.3
0.1
0.10000000000000009
2.45
0.0
0.1
0.0
1.1
0.0
0.1
0.1
-0.8999999999999999
3.0
0.1
-0.1
0.5499999999999998
1.5499999999999998
-0.9
-19.15
-1.15
-0.7
-5.0
-1.15
-1.05
-0.95
-1.5
1.35
-5.5
2.05
-0.55
-0.55
-3.1
-1.15
-7.3
-0.1
-6.0
0.0
0.5499999999999998
0.0
0.20000000000000004
1.9
-5.55
1.2000000000000002
0.19999999999999996
-1.4
0.0
-7.8
0.19999999999999996
0.3500000000000001
-0.95
0.0
-2.4000000000000004
-6.15
-0.6
0.30000000000000004
-0.5
-1.05
-0.8
-0.1
-1.1
-0.19999999999999996
0.0
-5.1
0.1
-1.8
1.6
0.10000000000000009
-0.6000000000000001
0.8500000000000001
-0.050000000000000044
0.3999999999999999
-0.050000000000000044
-0.8
-0.65
0.1
1.4500000000000002
-1.4
2.85
-0.4
-1.55
3.05
-8.1
1.2000000000000002
1.4
-0.1
3.8
2.05
-4.4
0.8999999999999999
0.1
1.9
-0.30000000000000004
-1.0
1.4500000000000002
-1.5
-2.5
-3.5999999999999996
-0.8
0.30000000000000004
0.05
-1.55
-0.8
-1.65
-0.5
-0.1
-5.5
2.1
2.15
-6.6
-1.6
-0.8999999999999999
-0.05
-8.9
1.4
-2.15
3.0
-2.3
0.0
-0.6499999999999999
0.0
3.0999999999999996
2.05
-2.5
-1.0499999999999998
-0.1
-0.09999999999999998
-0.7
-9.4
1.6
-0.1
0.1
3.8499999999999996
0.30000000000000004
-4.9
0.0
0.05000000000000002
0.9500000000000002
-1.9000000000000004
0.20000000000000004
-0.1
-3.8
-0.55
-4.8
0.10000000000000009
-1.4
-11.0
-3.55
-3.3
1.4500000000000002
0.0
-2.2
-0.9
-3.8
0.3500000000000001
0.0
-6.45
-0.050000000000000044
-11.4
0.1
-1.4
-0.44999999999999996
-0.8
-0.7
1.0
-0.9
-0.5
-2.05
-0.55
0.1499999999999999
0.25
1.2000000000000002
-9.7
-1.4
-8.0
-0.05
-3.9
0.0
-1.6
-1.0499999999999998
0.0
-9.4
1.1
-8.35
-0.8
0.0
-0.10000000000000009
-5.95
-6.9
-0.85
-0.1
-1.8
-1.45
-2.95
-1.0
0.0
-0.55
0.0
-8.4
-2.9
1.45
-12.3
-3.55
-4.55
-2.3
-2.05
-6.05
-0.8
-6.8
0.1
-1.2
0.050000000000000044
-4.15
-1.35
-0.35
-2.1
-11.9
-12.4
0.5499999999999998
1.1
0.1
-2.0
-1.65
4.15
0.1
0.1
-2.3
-0.7
-8.5
-3.3
0.10000000000000009
-2.3
-7.9
-0.95
0.20000000000000004
-1.05
1.5
-0.050000000000000044
-0.85
-0.1499999999999999
0.55
-3.1
-0.75
-0.8
0.04999999999999982
0.0
0.0
-4.45
-0.04999999999999982
-3.9
0.1
-1.7
-2.0
-0.8
-2.95
1.9
-4.05
0.5
-0.8
-13.45
-1.5
-4.1
-1.5
7.1
-4.4
1.2000000000000002
-1.4
-5.9
-7.8
1.9500000000000002
-1.0
-6.6
0.6000000000000001
-6.4
-5.8
-0.8
-3.0
-3.4
0.1
-5.65
-1.0
-0.95
-7.9
0.44999999999999996
1.0
0.0
-4.95
-4.5
-1.2999999999999998
1.1
-0.15000000000000002
0.0
-0.9
0.6499999999999999
-0.6
-2.1
0.05000000000000002
-5.5
-0.7
1.2999999999999998
-0.1
-7.8
-1.1
-0.6
-0.95
0.1
-1.15
1.6
-2.95
2.0
0.1
-2.35
1.1
-0.6000000000000001
-1.45
-0.1
0.30000000000000004
-0.6000000000000001
0.0
-1.05
-0.05
0.05000000000000002
-4.35
0.0
-0.3999999999999999
-0.65
-9.1
-0.6
-0.09999999999999998
-5.8
0.1
0.6000000000000001
0.1
-2.6
0.95
4.4
0.0
-4.0
-11.4
0.1
-0.1
0.25
0.0
-1.5499999999999998
2.95
-0.19999999999999996
-0.05
-0.10000000000000009
-0.8
0.19999999999999996
0.0
-7.4
-1.8
0.0
-3.45
-0.5
-4.15
-0.30000000000000004
-2.1
-0.95
-1.1
3.0
-0.65
1.5
5.8
-0.55
-11.7
-3.0
-0.1
-3.65
-0.8
-1.0499999999999998
-0.8999999999999999
0.0
-1.15
-0.1
1.4
-2.9
2.5999999999999996
3.1500000000000004
0.0
4.1
0.10000000000000009
-3.3
0.20000000000000004
-0.55
0.20000000000000004
0.0
-1.2000000000000002
1.4
-0.15000000000000002
0.0
0.20000000000000004
-2.4
-0.7
0.0
-2.85
0.0
0.1
0.1
-0.9
-1.55
0.0
0.55
-3.8
-0.1
-0.10000000000000009
-0.55
-5.95
1.9
-1.15
-4.45
-1.4
0.3999999999999999
-0.55
-0.9
0.8500000000000001
-0.8
0.3500000000000001
-5.4
-0.1
-1.45
-1.35
-0.30000000000000004
0.5
-1.9
-6.0
-4.5
-7.0
0.1
-1.45
0.1
-0.65
-0.44999999999999996
-5.8
-0.1
-0.05
-0.75
-0.9
-0.8
0.1
5.7
-8.3
-2.6
0.0
0.0
-0.04999999999999982
-10.4
-9.9
-11.5
0.09999999999999998
2.9
-0.7
-0.3999999999999999
1.9
-1.45
-0.9
-1.0
0.1
-0.44999999999999996
0.1
0.0
-1.0
0.8999999999999999
-1.15
-0.05
-0.95
-1.5499999999999998
-3.4000000000000004
-4.1
-1.3
-3.0
-3.15
-7.550000000000001
-0.9
-0.1
1.4
0.1
0.3999999999999999
-2.1
1.9
-0.9
-9.3
0.0
-0.8
-0.9
-0.95
1.1
-11.3
-5.1
-2.55
0.0
-1.45
-0.7
0.44999999999999996
0.1
-5.9
-0.1
-1.0
-7.9
-0.8
-2.1
-0.5
2.2
-3.15
-1.0
0.1
-0.10000000000000009
0.0
0.8999999999999999
-0.9
-0.1
-2.65
0.0
-1.1
-1.2
-1.55
0.1
-6.9
-1.0
-0.050000000000000044
-0.75
-5.0
-4.2
-8.1
0.8
-0.5
0.0
-2.8
2.1
-2.05
-4.65
-6.9
-1.0
-11.0
0.20000000000000004
-2.5
-14.0
0.0
-0.7
-0.55
-1.15
1.65
-0.8
0.6499999999999999
-0.1
-1.15
-3.8
2.1
-0.8
-0.10000000000000009
-1.05
2.05
0.0
0.20000000000000004
-0.75
0.0
-1.6
3.45
2.5
-0.1
-0.09999999999999998
-5.55
2.3
-1.9
-0.1
0.0
0.8
-7.0
-6.9
-0.15000000000000002
0.0
0.0
-5.45
-4.05
-1.2
-0.8
-13.6
0.19999999999999996
0.0
-0.95
-0.55
1.4500000000000002
1.9
-4.9
-1.95
-0.2999999999999998
-4.6
-2.0
2.3
-0.1
-4.0
0.1
0.1
1.2000000000000002
-0.45
0.1
-2.9
-1.0
5.55
0.0
-1.9
0.1
-1.2999999999999998
3.45
0.35
-0.5
-0.55
0.0
-0.5499999999999998
-0.85
-1.8
-5.45
-2.2
3.45
0.44999999999999996
0.0
-0.5
0.0
1.9
-1.0
-7.9
-1.7
3.5
-9.95
-0.1
-0.8
0.0
-1.9
-16.4
0.05000000000000002
0.0
-0.95
1.4
-4.45
0.0
-3.9
-3.05
0.1
-0.9
-0.1
-5.1
-0.1
-0.050000000000000044
-2.4
0.050000000000000044
0.0
-0.8
-3.8499999999999996
-7.550000000000001
-0.8
-1.9
2.05
-6.050000000000001
-2.9000000000000004
-1.95
0.0
0.0
1.5
-0.5
-0.9
0.0
-0.6
-0.95
-3.95
-0.95
0.8999999999999999
0.1
-10.95
-3.1
-0.3500000000000001
-1.05
-3.2
4.1
-0.8
-0.1
-1.85
1.9500000000000002
-0.7
-3.05
-0.7
0.5
-1.9
-0.8
-0.05
-1.1
0.30000000000000004
0.10000000000000009
-0.1
-0.30000000000000004
-0.1
-0.2999999999999998
-0.9
-3.5999999999999996
-1.6
0.1
-4.4
-3.95
-1.45
-3.0999999999999996
-0.4
-3.1
2.2
-1.6
-0.85
0.0
-11.4
0.3999999999999999
-11.25
-4.55
0.8999999999999999
-0.95
-2.5
0.1
-1.5
-0.95
-0.65
-1.65
0.25
-9.0
-1.05
-0.9
0.0
0.1
-0.8999999999999999
-1.1
2.05
-6.1
-1.85
-7.1
-1.5
0.1
0.0
0.5499999999999998
-6.9
-1.45
0.10000000000000009
-3.5
0.1
0.10000000000000009
-0.1
1.7000000000000002
-1.2999999999999998
-2.2
-5.55
-1.1
-9.6
-0.85
-7.8
-0.050000000000000044
-0.1
-7.9
1.1
0.0
-2.15
-1.9
-4.95
-0.9
-0.050000000000000044
0.10000000000000009
-1.4
-0.4
2.1
0.20000000000000004
0.0
0.0
-0.7
-0.30000000000000004
-0.9
-8.7
0.1
-2.4
0.050000000000000044
0.10000000000000009
0.1
-3.4
3.05
-4.7
0.7000000000000002
-0.09999999999999998
1.2000000000000002
0.1
-7.2
-8.0
-5.8
0.9
-0.9
0.0
-2.5
0.0
-0.1
0.0
0.1
-5.3
-1.05
-1.15
1.0
0.0
-5.85
-4.45
-0.1
1.4500000000000002
0.1
-4.5
3.2
-1.6
1.0
0.6000000000000001
-0.8999999999999999
-2.9
-3.3
-8.1
-0.95
0.19999999999999996
-0.5
-3.5
4.0
0.0
0.10000000000000009
-0.9
-0.1
-1.9
-3.4
-1.4
-0.7
-0.1
2.8
2.2
2.25
-0.7
0.3500000000000001
1.0
-4.9
-3.8
-3.3
-0.1
1.0499999999999998
0.19999999999999996
-13.0
-3.05
-1.5
3.2
-4.65
0.0
1.7000000000000002
-1.9
-1.25
0.30000000000000004
-9.05
-0.9
-0.09999999999999998
-1.2999999999999998
0.0
-1.9
0.0
-0.95
-0.9
-1.05
0.7999999999999998
-1.0
0.1
-0.1
-0.050000000000000044
0.0
-10.45
0.0
2.6
0.10000000000000009
4.55
-2.4
-0.1
0.0
-2.2
-10.6
3.4000000000000004
-0.6
-0.09999999999999998
0.44999999999999996
-4.5
-2.2
-1.05
1.2999999999999998
-6.9
-0.9
1.0
-0.15000000000000002
-1.9
0.0
0.0
-0.65
0.25
0.1
2.1
-0.85
-14.05
-1.05
-3.0
-1.0
0.050000000000000044
-4.9
-0.25
0.8999999999999999
-3.0
0.0
-0.8
0.1
-9.6
0.0
-13.8
0.0
0.0
-0.050000000000000044
-6.9
-0.85
0.0
-0.35
-0.95
0.0
0.19999999999999996
-3.05
-2.05
-5.15
-0.05
0.6000000000000001
0.95
-0.9
0.30000000000000004
-1.0
-0.1
0.0
-0.050000000000000044
-1.9
2.2
-1.5
0.0
-0.1
-8.5
-1.6
-11.45
-0.7
-1.6
-0.3999999999999999
-0.050000000000000044
-8.45
-4.9
-2.4
-0.8
2.95
-0.6
-2.5
0.0
-1.55
0.1
0.0
-2.8
-0.9
0.0
0.8999999999999999
-1.4
0.1
0.20000000000000004
-0.7
-2.05
-0.7
-0.9
-1.15
5.6
2.1
0.050000000000000044
-2.4
-1.0
-1.3
0.5
-2.1
-0.85
0.0
-0.8
-2.2
-2.1
0.1
3.1500000000000004
-1.45
-3.05
0.44999999999999996
0.050000000000000044
-2.3
-0.6000000000000001
-4.6
-0.8
0.0
-1.5
-0.8
-1.15
-0.4
-3.5999999999999996
-0.95
1.9000000000000004
-0.9
0.3999999999999999
3.8
0.0
0.3999999999999999
-5.0
-3.15
-1.3
0.19999999999999996
-2.2
-11.6
0.1
0.3999999999999999
-1.65
-0.05
0.10000000000000009
0.0
0.19999999999999996
-0.1
-4.3
-3.6
0.0
-4.65
0.0
-13.55
-8.0
0.8999999999999999
-4.65
0.95
-1.95
-5.75
1.0
-0.5
0.20000000000000004
-13.05
2.45
0.30000000000000004
-3.4
-0.5
1.1
-0.5
-3.4
0.20000000000000004
-0.8
-2.0999999999999996
-0.8999999999999999
-0.9
0.9500000000000002
-0.25
1.1
0.0
0.3500000000000001
-0.8
0.1
-2.3
-0.9
0.0
-1.4
0.20000000000000004
-0.5499999999999998
4.7
0.10000000000000009
0.20000000000000004
0.0
0.0
-5.3
-13.3
2.85
0.1
-4.4
-1.1
-1.9
-0.4
-0.8
0.1
-4.5
-1.1
-0.10000000000000009
-1.6
0.0
0.95
-1.6
-0.7
-0.2
-0.9
0.1
-12.8
0.6000000000000001
-0.4
-9.4
-0.5
-0.7
-1.0
0.0
-0.9
-11.2
4.45
-5.15
-0.09999999999999998
-9.1
0.0
-2.0
1.5499999999999998
-1.55
-5.4
0.19999999999999996
0.0
-7.05
-0.1
-0.75
0.0
-2.7
-0.4
-0.5
1.5
0.050000000000000044
-0.55
-3.4
-2.0
-1.4
1.2000000000000002
-0.55
-0.050000000000000044
-0.1
-6.0
0.8500000000000001
0.0
-1.0
-0.8
5.45
0.1
-2.4
-0.9
-1.0
-5.45
0.04999999999999982
0.20000000000000004
-0.9
-0.1
-0.1
3.0999999999999996
-0.65
0.5
-0.6
0.0
-1.0499999999999998
-0.8
-0.8500000000000001
0.1
-2.4
-7.55
3.45
-7.9
-1.6
-1.15
1.5499999999999998
0.0
-0.09999999999999998
-1.4
-2.9
-3.0
-0.9500000000000002
-0.6000000000000001
-0.1
2.95
-2.05
0.6000000000000001
4.9
-0.1
-2.4
0.44999999999999996
-2.9
-1.3
0.30000000000000004
-3.4
-6.4
0.0
-1.4
-0.05
-1.5499999999999998
0.5
-1.05
0.0
0.0
-0.1
1.7999999999999998
4.2
1.7000000000000002
-0.1
-5.0
0.4500000000000002
1.0
0.30000000000000004
-0.1
0.1
-2.45
0.8
0.0
-0.1
2.3499999999999996
-0.8
-0.95
-0.8
-0.55
-1.8
-1.9
-2.3
0.1
-1.05
-0.95
-2.7
-0.05
0.1
-1.05
-0.10000000000000009
-1.4
-0.75
-2.5
-2.05
-0.7
-4.0
-0.05
0.0
-1.05
-0.7
-1.95
-1.15
-6.95
-0.1
-0.7
-4.1
-0.5
-0.7
-0.9
-2.05
0.0
0.2999999999999998
0.1
-1.1
0.1
-6.2
1.2000000000000002
-0.4
0.0
-4.2
-0.1
-5.5
0.20000000000000004
-0.09999999999999998
-4.4
-5.4
0.10000000000000009
-2.9
-0.1
1.9500000000000002
-3.05
-0.3500000000000001
-0.1
-0.1
-0.8
-6.3
1.4500000000000002
0.0
-0.1
-1.2999999999999998
1.1
2.35
-10.9
0.1
-2.95
-0.2999999999999998
0.3999999999999999
0.0
-0.1
-3.6
0.95
0.19999999999999996
-0.95
0.10000000000000009
-0.8500000000000001
-5.5
0.19999999999999996
0.1
0.0
-1.5
-0.1
0.19999999999999996
-3.95
-0.3
-0.10000000000000009
0.5
-9.95
0.0
0.1
-2.8
-9.95
-1.6
0.0
-1.1
0.6000000000000001
0.0
-1.8
-0.15000000000000002
-1.1
-0.7
1.2000000000000002
0.0
-5.3
0.05
4.1
-6.9
-3.9
-3.1
0.95
0.0
0.0
-4.65
0.10000000000000009
-1.55
-1.7
2.0
2.0
0.0
-0.1
-3.05
0.1
-2.5
4.6
-1.65
-2.0
-10.0
-4.0
0.0
-0.1
1.75
0.0
-2.6
-6.55
0.05
-0.1
0.6000000000000001
0.1
-4.3
-0.1
0.1
-3.05
-0.050000000000000044
1.4
0.1
-1.0499999999999998
-1.9
0.050000000000000044
-0.3999999999999999
-0.4
-3.5
-0.4
-2.65
0.0
-0.4
-4.8
1.5
-0.7
0.1
-0.65
-6.25
-1.4
0.0
-0.9
-1.0
-5.7
1.0499999999999998
0.0
-1.3
-0.1
-3.0
-1.9
-10.55
-0.8999999999999999
-0.95
-2.9
-4.3
0.0
-3.95
-0.1
-0.3999999999999999
0.04999999999999982
-0.85
-5.4
0.0
-6.55
0.0
-6.9
-5.9
-0.6
-3.6
-1.5
1.2000000000000002
-6.1
-1.3
2.45
-0.25
-0.9
0.0
0.0
-4.5
-0.8
-0.7
-6.9
-0.2
2.75
-2.6
-0.8999999999999999
-2.55
-0.55
-8.7
-1.4
-4.8
0.0
0.1
-1.7
-2.1
-2.3
-4.8
-0.1
-1.25
-7.7
-3.1
-0.050000000000000044
-1.8
-0.8
-3.05
0.0
-1.3
1.7000000000000002
-0.95
-0.15000000000000002
-1.85
1.0499999999999998
0.0
1.1
0.8
0.0
-0.050000000000000044
-1.95
-3.55
-0.5
-3.3
-6.5
1.2000000000000002
0.8999999999999999
0.0
0.10000000000000009
-4.4
-0.85
-0.8
0.1
-0.95
0.1
0.1
4.4
-0.6499999999999999
-7.15
-2.6
0.20000000000000004
-0.8
-0.5
-5.35
-0.10000000000000009
-0.44999999999999996
-3.8
-2.9
0.0
-0.7
-1.45
4.1
3.9000000000000004
0.0
-10.4
-1.0
0.20000000000000004
-4.6
-2.3
-6.7
-0.15000000000000002
2.0
-0.7999999999999998
0.95
0.6000000000000001
-1.15
-1.9
-8.9
-3.45
-3.05
-0.1
0.1
-2.5
-0.1
-0.1
0.0
0.0
0.0
0.4500000000000002
-3.9
-0.15000000000000002
-2.55
0.30000000000000004
-1.6
-8.9
-0.1
-2.05
-1.15
0.0
0.19999999999999996
-1.15
0.0
-6.95
-0.8
0.10000000000000009
-2.0
0.0
-3.2
-1.85
-5.45
-2.55
-0.9
0.20000000000000004
-2.4
0.0
-0.1
-1.15
-1.55
-0.5
0.95
-1.05
2.3
2.5
0.44999999999999996
3.5999999999999996
-0.1
-0.3999999999999999
-4.3
0.8999999999999999
-0.15000000000000002
0.0
3.0999999999999996
-4.85
-1.0
-3.55
-1.95
-2.6500000000000004
-5.9
-4.6
1.5
2.0
-1.25
-3.4
2.05
-1.9
-0.1
-1.75
-0.75
-2.5
-0.7
0.0
0.0
2.5
-2.05
-0.8500000000000001
-0.9
-8.3
-4.0
-1.1
-2.5
-0.1
1.5
0.0
0.0
0.8999999999999999
-0.45
2.05
-4.5
-5.65
-2.2
-1.05
1.2999999999999998
-5.55
0.1
-0.6
0.0
-3.1
-0.7
0.0
-0.6499999999999999
0.1
0.20000000000000004
-3.95
-0.6
0.0
-0.7
-2.55
-1.3
0.0
-3.0
-2.2
0.1
-0.6499999999999999
0.0
1.1
0.0
-0.6499999999999999
-1.0
-5.55
-3.2
-0.44999999999999996
-4.15
0.0
-4.3
0.6000000000000001
-1.65
-0.050000000000000044
0.10000000000000009
1.9500000000000002
0.10000000000000009
-1.6
0.30000000000000004
-0.7
0.1
-0.7
0.0
-1.7999999999999998
-6.0
-5.9
-2.05
-0.4
-7.4
-0.6499999999999999
-3.5
0.1
0.0
0.0
1.6
-1.4
-0.8500000000000001
3.8
-0.1
0.0
-6.5
0.10000000000000009
-1.05
1.2000000000000002
-0.1
-8.6
-0.1
-0.1
-3.5
-2.05
-0.8
-1.7
0.95
0.24999999999999997
-0.8
-0.95
-1.0
-0.8
2.0999999999999996
-3.05
0.0
0.0
0.0
-3.8
-8.55
0.10000000000000009
-1.5
-0.1
1.0
-4.0
0.20000000000000004
-0.44999999999999996
-1.05
-3.5
-2.65
1.2000000000000002
-0.35
-0.1
3.2
-1.2999999999999998
2.0
-0.050000000000000044
0.0
1.0499999999999998
-0.15000000000000002
-0.8999999999999999
-2.3
-0.8
-5.9
0.1
-0.5
3.6500000000000004
-0.1
-0.2999999999999998
-0.19999999999999996
-2.6
1.0
0.0
-1.5
-1.55
0.0
0.0
0.95
1.4
-0.7
-1.8
-2.45
-1.05
-0.1
-0.7
1.5
-4.4
-1.0
-1.15
-0.05
-0.9
4.7
-0.9
0.0
-3.55
-3.4
2.6
-0.1
-6.65
-1.15
-8.35
1.5
-0.1
0.0
-1.2999999999999998
0.19999999999999996
-5.55
-1.65
-0.95
0.3999999999999999
-0.6
-2.4
-0.44999999999999996
-3.4000000000000004
-6.3
4.1
-2.6
-0.1
-0.95
-0.9
-5.7
-9.1
-0.1
-1.05
-0.9
-3.4
-1.1
-1.0
-1.2
-0.050000000000000044
-2.9
-0.8
-0.95
-2.45
-3.4
4.6
-1.5
-1.6
-0.1
0.3500000000000001
7.199999999999999
0.0
-0.45
-3.05
-1.4
-0.75
-0.30000000000000004
-0.6
0.0
0.05000000000000002
-7.0
4.2
-0.1
-5.05
-5.4
1.0
0.20000000000000004
-0.95
0.10000000000000009
-4.9
-1.5
-0.44999999999999996
-2.6
-8.4
-2.05
0.8
-2.05
-0.7999999999999999
0.1
-0.75
-0.6499999999999999
-0.9
-1.15
0.10000000000000009
-2.4
2.95
-0.85
0.0
0.1
-1.1
-0.8999999999999999
-0.7
-2.55
0.0
-0.7
-0.75
2.05
0.0
1.5
0.19999999999999996
-0.30000000000000004
2.5
0.20000000000000004
0.8999999999999999
-6.15
-7.2
-1.4
-0.4
-7.55
-5.05
-0.3999999999999999
0.1
-0.1
-1.55
-3.2
-5.05
0.0
-0.1
-3.5
-0.15000000000000002
-1.0499999999999998
-7.5
0.1
-0.5
0.0
0.0
0.30000000000000004
0.0
-3.15
-12.05
0.5
-0.8
-2.4
0.20000000000000004
-9.6
-7.5
-0.4
-0.8
-7.55
-0.6499999999999999
1.7000000000000002
0.0
-0.1
-2.3
-0.55
0.55
-4.65
0.0
-1.7999999999999998
-0.7
-2.8
2.5
-0.050000000000000044
-0.3999999999999999
-1.05
1.5
-0.35
-0.2
-6.5
-3.05
-3.1
-1.7
-0.1
-0.5
-1.0
-3.5
-6.95
-1.3
-3.0
0.0
0.5499999999999998
0.0
-0.1
-2.45
-7.15
0.0
-2.4
0.1
-1.0
1.1
1.3499999999999996
-4.6
0.0
0.6499999999999999
-7.05
2.05
-2.4
0.0
-2.5
-0.95
-4.1
-0.09999999999999998
-0.1
-0.65
0.0
-4.4
0.0
-0.1
-8.4
-7.0
-0.9000000000000004
-4.4
0.5
-1.35
-4.7
-1.4500000000000002
-3.0
-0.9
0.1
0.0
-3.5
-3.4
-1.15
-0.09999999999999998
-5.55
-4.55
3.05
0.0
-1.0
-0.7
1.85
-0.09999999999999998
-0.1
-11.9
-0.8999999999999999
0.050000000000000044
0.1
-0.7
-2.95
-2.6
-0.7
-8.9
0.0
3.4000000000000004
0.10000000000000009
-4.4
-1.15
-1.45
-0.19999999999999996
-4.45
-1.5
-5.55
0.0
0.1
0.0
-5.1
-9.6
-0.050000000000000044
-9.0
-2.5
2.5999999999999996
-7.0
-0.1
0.1
0.0
1.2999999999999998
-5.6
-1.55
0.7000000000000002
-3.5
-2.45
0.0
-0.8
-3.45
0.3500000000000001
-2.95
-7.050000000000001
-0.55
-2.15
-1.55
0.0
0.0
0.2
0.0
-1.1
-0.09999999999999998
0.3999999999999999
-0.6
-4.05
0.19999999999999996
0.0
1.85
0.0
-3.05
0.20000000000000004
-0.5
-0.95
0.1
0.19999999999999996
-2.2
-1.15
-1.5
-0.7
-0.8
0.8500000000000001
-4.3
0.1
0.05
-1.0499999999999998
3.05
-10.1
0.10000000000000009
-1.4
1.0499999999999998
-0.8999999999999999
-5.3
-1.2
-1.45
-7.5
-7.4
-2.5
0.0
-1.5
0.0
-0.09999999999999998
0.1
0.5
-0.3999999999999999
-3.15
-1.05
-1.0
-1.9
-0.1
0.55
-1.65
-0.8999999999999999
-0.5
-0.1
-2.4
1.1
-4.7
3.4000000000000004
-1.05
-0.8
-0.3999999999999999
-0.8
-1.55
-1.0
0.10000000000000009
-5.65
0.0
-0.6000000000000001
-0.1
-11.7
-3.45
0.0
-5.699999999999999
0.0
0.1
-1.65
-0.1
-2.8
0.1
0.19999999999999996
-2.5
-2.5
-0.8
