-0.1
4.6
4.0
-0.9
-0.4
0.1
-1.8
-4.8
0.0
-3.7
0.10000000000000009
0.3999999999999999
-0.6
-0.8
-10.6
-0.1
4.45
0.1
3.1500000000000004
0.1
0.1
0.6
8.5
52.7
0.6000000000000001
0.30000000000000004
13.0
61.8
12.7
-0.5
0.0
45.2
91.7
57.9
0.6000000000000001
0.30000000000000004
48.9
90.9
70.9
0.8999999999999999
0.1
260.9
-0.1
0.8999999999999999
20.9
-0.1
0.7
179.9
0.8999999999999999
40.9
0.0
100.9
0.8999999999999999
10.9
340.9
2.9
20.9
0.8999999999999999
0.8999999999999999
20.9
-0.1
10.9
170.9
250.9
50.9
0.30000000000000004
-0.1
70.9
0.8999999999999999
0.8999999999999999
0.20000000000000004
0.8999999999999999
20.9
0.8999999999999999
0.8999999999999999
-0.1
90.9
0.8999999999999999
130.9
0.8999999999999999
11.9
0.8999999999999999
10.9
170.9
100.9
-0.1
0.8999999999999999
0.8999999999999999
110.9
0.8999999999999999
0.1
60.9
130.9
70.9
120.9
-0.1
10.9
220.9
352.9
-0.1
-0.1
70.9
0.8999999999999999
180.9
80.9
0.30000000000000004
0.8999999999999999
60.9
60.9
0.8999999999999999
0.0
150.9
30.9
40.9
10.9
0.20000000000000004
90.9
60.9
230.9
40.9
-0.1
20.9
0.8999999999999999
120.9
0.8999999999999999
0.6
0.8999999999999999
0.8999999999999999
0.8999999999999999
0.8999999999999999
0.6
250.9
80.9
30.9
30.9
-0.1
140.9
0.8999999999999999
60.9
10.9
-0.1
160.9
70.9
270.9
150.9
0.8999999999999999
0.8999999999999999
20.9
20.9
40.9
0.0
80.9
0.8999999999999999
40.9
0.8999999999999999
0.0
50.9
60.9
80.9
110.9
0.20000000000000004
0.8999999999999999
60.9
0.8999999999999999
0.8999999999999999
0.4
20.9
0.8999999999999999
230.9
10.9
-0.1
0.8999999999999999
50.9
30.9
0.8999999999999999
0.4
0.8999999999999999
100.9
30.9
100.9
0.0
0.8999999999999999
210.9
10.9
150.9
-0.10000000000000009
0.8999999999999999
0.8999999999999999
0.8999999999999999
30.9
-0.1
0.8999999999999999
160.9
160.9
10.9
0.30000000000000004
20.9
0.8999999999999999
0.8999999999999999
60.9
-0.1
10.9
40.9
0.8999999999999999
0.8999999999999999
-0.1
0.8999999999999999
110.9
110.9
60.9
-0.10000000000000009
80.9
80.9
0.8999999999999999
100.9
0.1
-0.1
0.8999999999999999
20.9
70.9
-0.1
340.9
30.9
50.9
70.9
-0.1
180.9
20.9
210.9
40.9
0.30000000000000004
0.8999999999999999
0.8999999999999999
80.9
70.9
-0.1
50.9
0.8999999999999999
0.8999999999999999
0.8999999999999999
0.20000000000000004
0.8999999999999999
10.9
160.9
100.9
0.0
0.8999999999999999
220.9
10.9
150.9
-0.1
0.8999999999999999
70.9
20.9
140.9
0.30000000000000004
20.9
0.8999999999999999
0.8999999999999999
60.9
0.20000000000000004
20.9
220.9
90.9
80.9
-0.1
0.8999999999999999
10.9
0.8999999999999999
0.8999999999999999
0.0
10.9
100.9
120.9
30.9
-0.1
130.9
0.8999999999999999
60.9
80.9
0.1
80.9
10.9
0.8999999999999999
30.9
0.0
140.9
0.8999999999999999
60.9
10.9
0.0
0.8999999999999999
130.9
0.8999999999999999
10.9
5.9
30.9
80.9
50.9
240.9
0.20000000000000004
-0.1
90.9
0.8999999999999999
0.8999999999999999
0.0
0.8999999999999999
0.8999999999999999
0.8999999999999999
0.8999999999999999
0.1
30.9
200.9
50.9
60.9
-0.1
50.9
250.9
0.8999999999999999
30.9
0.1
40.9
110.9
0.8999999999999999
100.9
0.0
170.9
20.9
40.9
20.9
-0.1
240.9
100.9
50.9
70.9
-0.1
0.8999999999999999
40.9
0.8999999999999999
0.8999999999999999
-0.1
-0.1
0.8999999999999999
0.8999999999999999
150.9
0.0
0.8999999999999999
0.8999999999999999
50.9
20.9
0.4
10.9
160.9
150.9
20.9
-0.1
0.8999999999999999
0.8999999999999999
70.9
10.9
-0.1
20.9
0.8999999999999999
20.9
0.8999999999999999
0.5
0.8999999999999999
280.9
190.9
180.9
-0.1
0.8999999999999999
50.9
40.9
10.9
0.5
120.9
90.9
10.9
100.9
0.30000000000000004
0.8999999999999999
0.8999999999999999
20.9
0.8999999999999999
0.30000000000000004
0.8999999999999999
20.9
110.9
70.9
0.30000000000000004
50.9
40.9
110.9
10.9
-0.1
0.8999999999999999
60.9
40.9
10.9
0.1
30.9
20.9
40.9
0.8999999999999999
0.0
140.9
200.9
10.9
30.9
0.4
0.8999999999999999
0.8999999999999999
0.8999999999999999
80.9
0.30000000000000004
-0.1
0.8999999999999999
190.9
80.9
0.0
0.8999999999999999
90.9
20.9
10.9
0.5
240.9
30.9
50.9
20.9
-0.1
0.8999999999999999
80.9
120.9
30.9
-0.1
30.9
0.8999999999999999
0.8999999999999999
10.9
-0.1
100.9
20.9
20.9
0.8999999999999999
0.7999999999999998
50.9
110.9
20.9
210.9
-0.1
90.9
0.8999999999999999
30.9
0.8999999999999999
0.0
0.8999999999999999
0.8999999999999999
0.8999999999999999
10.9
0.20000000000000004
160.9
10.9
20.9
230.9
0.5
-0.1
60.9
0.8999999999999999
30.9
0.0
20.9
50.9
0.8999999999999999
150.9
-0.1
0.8999999999999999
100.9
20.9
130.9
0.1
0.8999999999999999
0.8999999999999999
30.9
10.9
-0.1
200.9
90.9
0.8999999999999999
70.9
0.0
210.9
0.8999999999999999
60.9
0.8999999999999999
0.1
180.9
40.9
70.9
50.9
2.9
60.9
200.9
80.9
0.8999999999999999
0.0
170.9
0.8999999999999999
0.8999999999999999
0.8999999999999999
-0.1
120.9
50.9
40.9
0.8999999999999999
2.8
120.9
170.9
40.9
60.9
-0.1
20.9
60.9
200.9
50.9
0.6
0.8999999999999999
20.9
0.8999999999999999
0.8999999999999999
-0.1
40.9
100.9
-0.1
0.8999999999999999
-0.1
90.9
50.9
320.9
352.9
-0.1
-0.1
60.9
320.9
0.8999999999999999
0.20000000000000004
70.9
0.8999999999999999
60.9
20.9
-0.1
20.9
240.9
60.9
50.9
-0.1
0.8999999999999999
90.9
70.9
50.9
-0.1
90.9
60.9
120.9
90.9
-0.1
10.9
120.9
50.9
100.9
0.1
-0.1
0.8999999999999999
170.9
0.8999999999999999
5.9
20.9
0.8999999999999999
140.9
0.8999999999999999
0.20000000000000004
351.9
90.9
0.8999999999999999
0.8999999999999999
0.4
30.9
40.9
90.9
0.8999999999999999
-0.1
40.9
0.8999999999999999
20.9
50.9
0.5
50.9
0.8999999999999999
30.9
160.9
-0.1
220.9
20.9
0.8999999999999999
50.9
0.0
90.9
60.9
0.8999999999999999
30.9
-0.1
-0.1
40.9
20.9
0.8999999999999999
-0.1
30.9
0.8999999999999999
170.9
60.9
-0.1
70.9
40.9
130.9
40.9
0.0
20.9
0.8999999999999999
100.9
0.8999999999999999
-0.1
40.9
0.8999999999999999
160.9
110.9
0.20000000000000004
30.9
50.9
120.9
0.8999999999999999
0.0
20.9
0.8999999999999999
0.8999999999999999
60.9
-0.1
310.9
110.9
40.9
342.9
0.1
70.9
0.8999999999999999
40.9
0.8999999999999999
0.0
80.9
60.9
10.9
190.9
0.0
150.9
10.9
0.8999999999999999
120.9
0.5
10.9
80.9
10.9
20.9
-0.1
0.8999999999999999
70.9
0.8999999999999999
30.9
-0.1
10.9
20.9
0.8999999999999999
50.9
0.7
50.9
10.9
0.8999999999999999
80.9
0.0
0.8999999999999999
50.9
0.8999999999999999
0.8999999999999999
-0.1
0.8999999999999999
40.9
80.9
180.9
0.0
0.8999999999999999
40.9
30.9
20.9
0.1
260.9
40.9
0.8999999999999999
0.8999999999999999
0.1
0.8999999999999999
0.8999999999999999
70.9
0.8999999999999999
-0.1
20.9
0.8999999999999999
0.8999999999999999
10.9
0.0
30.9
0.8999999999999999
80.9
0.8999999999999999
0.20000000000000004
30.9
10.9
0.8999999999999999
0.8999999999999999
0.20000000000000004
120.9
10.9
20.9
70.9
0.20000000000000004
150.9
0.8999999999999999
20.9
40.9
-0.1
40.9
0.8999999999999999
70.9
40.9
0.5
30.9
10.9
20.9
90.9
-0.1
20.9
40.9
180.9
60.9
-0.1
0.8999999999999999
20.9
0.8999999999999999
40.9
0.0
30.9
30.9
0.8999999999999999
0.8999999999999999
0.0
210.9
0.8999999999999999
350.9
260.9
0.0
0.8999999999999999
250.9
70.9
0.8999999999999999
0.20000000000000004
0.8999999999999999
10.9
60.9
0.8999999999999999
0.1
30.9
0.8999999999999999
80.9
0.8999999999999999
0.1
10.9
0.8999999999999999
10.9
0.8999999999999999
0.6
110.9
40.9
0.8999999999999999
70.9
0.0
170.9
0.8999999999999999
80.9
20.9
-0.1
0.8999999999999999
0.8999999999999999
10.9
120.9
0.8999999999999999
0.8999999999999999
290.9
0.8999999999999999
250.9
-0.1
130.9
0.8999999999999999
0.8999999999999999
10.9
0.5
80.9
20.9
10.9
0.8999999999999999
0.4
240.9
100.9
10.9
60.9
0.30000000000000004
20.9
40.9
0.8999999999999999
0.8999999999999999
0.5
0.8999999999999999
0.8999999999999999
20.9
170.9
0.30000000000000004
30.9
10.9
140.9
70.9
-0.1
20.9
0.8999999999999999
180.9
100.9
0.1
-0.1
0.8999999999999999
70.9
0.8999999999999999
0.0
0.8999999999999999
60.9
50.9
0.8999999999999999
0.1
30.9
0.8999999999999999
150.9
20.9
0.4
170.9
0.8999999999999999
30.9
290.9
0.1
40.9
190.9
20.9
20.9
0.6
0.8999999999999999
10.9
170.9
30.9
0.30000000000000004
10.9
150.9
120.9
120.9
-0.1
0.8999999999999999
40.9
80.9
0.8999999999999999
-0.1
160.9
0.8999999999999999
50.9
70.9
0.30000000000000004
40.9
220.9
120.9
80.9
0.0
0.8999999999999999
60.9
210.9
240.9
-0.1
110.9
0.8999999999999999
10.9
20.9
0.20000000000000004
240.9
0.8999999999999999
0.8999999999999999
0.8999999999999999
0.1
10.9
80.9
140.9
20.9
0.5
120.9
0.8999999999999999
100.9
40.9
0.6
0.8999999999999999
0.8999999999999999
40.9
0.8999999999999999
-0.1
-0.1
0.8999999999999999
20.9
80.9
0.4
0.8999999999999999
0.8999999999999999
0.8999999999999999
140.9
-0.1
220.9
70.9
0.8999999999999999
10.9
0.0
30.9
100.9
0.8999999999999999
40.9
0.1
70.9
0.8999999999999999
60.9
0.8999999999999999
0.0
220.9
0.8999999999999999
10.9
0.8999999999999999
0.1
0.8999999999999999
30.9
20.9
150.9
-0.1
50.9
40.9
50.9
180.9
0.5
90.9
180.9
30.9
10.9
0.0
10.9
10.9
50.9
0.8999999999999999
0.8999999999999999
60.9
0.8999999999999999
30.9
100.9
0.0
80.9
20.9
0.8999999999999999
120.9
-0.1
0.8999999999999999
0.8999999999999999
100.9
0.8999999999999999
0.0
10.9
30.9
10.9
0.8999999999999999
0.20000000000000004
50.9
80.9
120.9
60.9
0.0
20.9
70.9
0.8999999999999999
50.9
