1
9
5
2
2
2
2
2
1
3
3
0
0
2
0
1
6
2
5
2
3
7
14
60
8
6
20
75
21
5
2
54
100
67
8
5
59
101
81
11
3
271
1
11
31
1
9
190
11
51
2
111
11
21
351
13
31
11
11
31
1
21
181
261
61
5
1
81
11
11
4
11
31
11
11
1
101
11
141
11
22
11
21
181
111
1
11
11
121
11
3
71
141
81
131
1
21
231
361
1
1
81
11
191
91
5
11
71
71
11
2
161
41
51
21
4
101
71
241
51
1
31
11
131
11
9
11
11
11
11
9
261
91
41
41
1
151
11
71
21
1
171
81
281
161
11
11
31
31
51
2
91
11
51
11
2
61
71
91
121
4
11
71
11
11
6
31
11
241
21
1
11
61
41
11
6
11
111
41
111
2
11
221
21
161
10
11
11
11
41
1
11
171
171
21
5
31
11
11
71
1
21
51
11
11
1
11
121
121
71
10
91
91
11
111
3
1
11
31
81
1
351
41
61
81
1
191
31
221
51
5
11
11
91
81
1
61
11
11
11
4
11
21
171
111
2
11
231
21
161
1
11
81
31
151
5
31
11
11
71
4
31
231
101
91
1
11
21
11
11
2
21
111
131
41
1
141
11
71
91
3
91
21
11
41
2
151
11
71
21
2
11
141
11
21
16
41
91
61
251
4
1
101
11
11
2
11
11
11
11
3
41
211
61
71
1
61
261
11
41
3
51
121
11
111
2
181
31
51
31
1
251
111
61
81
1
11
51
11
11
1
1
11
11
161
2
11
11
61
31
6
21
171
161
31
1
11
11
81
21
1
31
11
31
11
7
11
291
201
191
1
11
61
51
21
8
131
101
21
111
5
11
11
31
11
5
11
31
121
81
5
61
51
121
21
1
11
71
51
21
3
41
31
51
11
2
151
211
21
41
7
11
11
11
91
5
1
11
201
91
2
11
101
31
21
7
251
41
61
31
1
11
91
131
41
1
41
11
11
21
1
111
31
31
11
12
61
121
31
221
1
101
11
41
11
2
11
11
11
21
4
171
21
31
241
8
1
71
11
41
2
31
61
11
161
1
11
111
31
141
3
11
11
41
21
1
211
101
11
81
2
221
11
71
11
3
191
51
81
61
14
71
211
91
11
2
181
11
11
11
1
131
61
51
11
14
131
181
51
71
1
31
71
211
61
8
11
31
11
11
1
51
111
1
11
1
101
61
331
361
1
1
71
331
11
4
81
11
71
31
1
31
251
71
61
1
11
101
81
61
1
101
71
131
101
1
21
131
61
111
3
1
11
181
11
16
31
11
151
11
4
360
101
11
11
7
41
51
101
11
1
51
11
31
61
7
61
11
41
171
1
231
31
11
61
2
101
71
11
41
1
1
51
31
11
1
41
11
181
71
1
81
51
141
51
2
31
11
111
11
1
51
11
171
121
4
41
61
131
11
2
31
11
11
71
1
321
121
51
351
3
81
11
51
11
2
91
71
21
201
2
161
21
11
131
7
21
91
21
31
1
11
81
11
41
1
21
31
11
61
9
61
21
11
91
2
11
61
11
11
1
11
51
91
191
2
11
51
41
31
3
271
51
11
11
3
11
11
81
11
1
31
11
11
21
2
41
11
91
11
4
41
21
11
11
4
131
21
31
81
4
161
11
31
51
1
51
11
81
51
7
41
21
31
101
1
31
51
191
71
1
11
31
11
51
2
41
41
11
11
2
221
11
359
271
2
11
261
81
11
4
11
21
71
11
3
41
11
91
11
3
21
11
21
11
8
121
51
11
81
2
181
11
91
31
1
11
11
21
131
11
11
301
11
261
1
141
11
11
21
7
91
31
21
11
6
251
111
21
71
5
31
51
11
11
7
11
11
31
181
5
41
21
151
81
1
31
11
191
111
3
1
11
81
11
2
11
71
61
11
3
41
11
161
31
6
181
11
41
301
3
51
201
31
31
8
11
21
181
41
6
21
161
131
131
1
11
51
91
11
1
171
11
61
81
5
51
231
131
91
2
11
71
221
251
1
121
11
21
31
4
251
11
11
11
3
21
91
151
31
8
131
11
111
51
8
11
11
51
11
1
1
11
31
91
7
11
11
11
151
1
231
81
11
21
2
41
111
11
51
3
81
11
71
11
2
231
11
21
11
3
11
41
31
161
1
61
51
61
191
7
101
191
41
21
2
21
21
61
11
11
71
11
41
111
2
91
31
11
131
1
11
11
111
11
2
21
41
21
11
4
61
91
131
71
2
31
81
11
61
