Index 		 action 	 reward:
0          	 2          	 0.0       
1          	 4          	 -0.10000000149011612
2          	 2          	 0.0       
3          	 4          	 -0.10000000149011612
4          	 2          	 0.0       
5          	 4          	 -0.10000000149011612
6          	 4          	 0.0       
7          	 2          	 0.0       
8          	 2          	 -0.10000000149011612
9          	 4          	 -0.10000000149011612
10         	 2          	 0.0       
11         	 0          	 -0.10000000149011612
12         	 3          	 0.0       
13         	 2          	 0.0       
14         	 1          	 -0.10000000149011612
15         	 3          	 0.10000000149011612
16         	 0          	 0.0       
17         	 3          	 0.0       
18         	 1          	 0.0       
19         	 3          	 0.10000000149011612
20         	 2          	 0.0       
21         	 1          	 -0.10000000149011612
22         	 4          	 0.10000000149011612
23         	 0          	 0.0       
24         	 4          	 0.0       
25         	 0          	 0.0       
26         	 3          	 0.0       
27         	 2          	 0.0       
28         	 2          	 -0.10000000149011612
29         	 4          	 -0.10000000149011612
30         	 2          	 0.0       
31         	 2          	 -0.10000000149011612
32         	 2          	 -0.10000000149011612
33         	 0          	 -0.10000000149011612
34         	 4          	 0.0       
35         	 4          	 0.0       
36         	 2          	 0.0       
37         	 4          	 -0.10000000149011612
38         	 1          	 0.0       
39         	 0          	 0.10000000149011612
40         	 4          	 0.0       
41         	 2          	 0.0       
42         	 4          	 -0.10000000149011612
43         	 2          	 0.0       
44         	 0          	 -0.10000000149011612
45         	 3          	 0.0       
46         	 0          	 0.0       
47         	 2          	 0.0       
48         	 2          	 -0.10000000149011612
49         	 0          	 -0.10000000149011612
50         	 3          	 0.0       
51         	 4          	 0.0       
52         	 4          	 0.0       
53         	 0          	 0.0       
54         	 3          	 0.0       
55         	 4          	 0.0       
56         	 0          	 0.0       
57         	 0          	 0.0       
58         	 4          	 0.0       
59         	 0          	 0.0       
60         	 0          	 0.0       
61         	 1          	 0.0       
62         	 2          	 0.0       
63         	 4          	 0.0       
64         	 3          	 0.0       
65         	 4          	 0.0       
66         	 0          	 0.0       
67         	 3          	 0.0       
68         	 4          	 0.0       
69         	 4          	 0.0       
70         	 0          	 0.0       
71         	 0          	 0.0       
72         	 3          	 0.0       
73         	 2          	 0.0       
74         	 3          	 0.0       
75         	 0          	 0.0       
76         	 2          	 -1.4062500213185558e-06
77         	 1          	 -2.8125000426371116e-06
78         	 3          	 -6.210937499417923e-06
79         	 2          	 -9.00390568858711e-06
80         	 0          	 -1.1816406185971573e-05
81         	 0          	 -1.541015626571607e-05
82         	 0          	 -1.681640605966095e-05
83         	 4          	 -1.800781137717422e-05
84         	 1          	 -1.94140611711191e-05
85         	 3          	 -2.220703026978299e-05
86         	 2          	 -2.499999936844688e-05
87         	 4          	 -2.8613279937417246e-05
88         	 3          	 -3.201171784894541e-05
89         	 2          	 -3.541015394148417e-05
90         	 0          	 -3.820312485913746e-05
91         	 0          	 -4.101562444702722e-05
92         	 2          	 -4.2402341932756826e-05
93         	 3          	 -4.380859172670171e-05
94         	 0          	 -4.720703145721927e-05
95         	 0          	 -4.999999873689376e-05
96         	 3          	 -5.140624853083864e-05
97         	 2          	 -5.281249832478352e-05
98         	 3          	 -5.621093441732228e-05
99         	 2          	 -5.900390533497557e-05
100        	 2          	 -6.181640492286533e-05
101        	 0          	 -6.460937584051862e-05
102        	 1          	 -6.800780829507858e-05
103        	 0          	 -6.941406172700226e-05
104        	 3          	 -7.220703264465556e-05
105        	 2          	 -7.361327880062163e-05
106        	 2          	 -7.640624971827492e-05
107        	 3          	 -7.921874930616468e-05
108        	 3          	 -8.261718903668225e-05
109        	 4          	 -8.541015267837793e-05
110        	 4          	 -8.900390093913302e-05
111        	 2          	 -9.240234066965058e-05
112        	 1          	 -9.580078040016815e-05
113        	 0          	 -9.861327998805791e-05
114        	 0          	 -0.0001014062509057112
115        	 0          	 -0.00010281249706167728
116        	 3          	 -0.00010421875049360096
117        	 0          	 -0.00010560546797933057
118        	 3          	 -0.00010900390043389052
119        	 2          	 -0.00011041015386581421
120        	 4          	 -0.0001132031247834675
121        	 2          	 -0.00011601562437135726
122        	 2          	 -0.00011941405682591721
123        	 3          	 -0.0001222070277435705
124        	 0          	 -0.00012499999138526618
125        	 0          	 -0.00012781249824911356
126        	 0          	 -0.00012921875168103725
127        	 0          	 -0.00013060546189080924
128        	 2          	 -0.00013201171532273293
129        	 0          	 -0.0001334179687546566
130        	 0          	 -0.00013681640848517418
131        	 0          	 -0.00013820311869494617
132        	 0          	 -0.00013960937212686986
133        	 0          	 -0.00014101562555879354
134        	 0          	 -0.00014240233576856554
135        	 4          	 -0.00014380858920048922
136        	 3          	 -0.0001452148426324129
137        	 4          	 -0.00014861328236293048
138        	 4          	 -0.00015140624600462615
139        	 4          	 -0.00015421875286847353
140        	 2          	 -0.00015761717804707587
141        	 0          	 -0.00016041015624068677
142        	 0          	 -0.00016320311988238245
143        	 0          	 -0.00016460937331430614
144        	 2          	 -0.00016601562674622983
145        	 0          	 -0.00016740233695600182
146        	 0          	 -0.00017080077668651938
147        	 0          	 -0.00017220703011844307
148        	 0          	 -0.00017361328355036676
149        	 3          	 -0.00017499999376013875
150        	 3          	 -0.00017640624719206244
151        	 4          	 -0.00017921873950399458
152        	 0          	 -0.00018261717923451215
153        	 0          	 -0.00018541015742812306
154        	 4          	 -0.00018681639630813152
155        	 4          	 -0.00018820312106981874
156        	 3          	 -0.00019101561338175088
157        	 4          	 -0.00019441405311226845
158        	 3          	 -0.00019720703130587935
159        	 4          	 -0.00019999999494757503
160        	 3          	 -0.0002028125018114224
161        	 4          	 -0.00020621092699002475
162        	 3          	 -0.00020900390518363565
163        	 4          	 -0.0002118163974955678
164        	 4          	 -0.0002146093756891787
165        	 4          	 -0.00021800780086778104
166        	 1          	 -0.00022080077906139195
167        	 3          	 -0.0002236132713733241
168        	 2          	 -0.000226406249566935
169        	 4          	 -0.00022921874187886715
170        	 0          	 -0.00023261718160938472
171        	 0          	 -0.0002354101452510804
172        	 0          	 -0.00023681639868300408
173        	 4          	 -0.0002382031234446913
174        	 0          	 -0.00023960936232469976
175        	 4          	 -0.00024240234051831067
176        	 2          	 -0.00024380859395023435
177        	 0          	 -0.0002472070336807519
178        	 2          	 -0.00024999998277053237
179        	 2          	 -0.0002514062507543713
