-0.5
-32.55
0.0
-18.9
-14.7
-1.1
-5.1
-0.7
-1.65
-0.3500000000000001
0.0
-0.20000000000000007
3.3
-0.6
0.0
0.0
3.05
0.4
4.05
8.2
0.1
9.7
-0.9
0.3999999999999999
0.5
0.0
0.7999999999999998
0.8999999999999999
28.8
18.9
0.6
95.7
18.6
15.8
28.9
0.20000000000000004
39.7
0.8999999999999999
70.9
174.8
5.4
0.8999999999999999
34.7
0.30000000000000004
32.8
0.0
2.7
0.8999999999999999
11.7
5.8
-0.1
5.4
0.6000000000000001
21.2
2.7
0.1
0.0
11.4
0.3999999999999999
-0.6499999999999999
-2.05
1.2000000000000002
5.9
2.5
4.95
0.35
4.3
0.1
-0.6
0.20000000000000004
0.0
0.95
0.5
4.1
0.0
-0.95
0.1
-0.30000000000000004
0.0
0.20000000000000004
2.2
-0.3999999999999999
0.0
2.4
9.35
0.20000000000000004
6.8
6.1
-0.8999999999999999
-0.1
0.0
6.5
6.3
5.5
-0.7
0.1
3.9000000000000004
-0.8
-1.0
18.9
-1.1
0.20000000000000004
0.30000000000000004
-0.1
6.6
-0.65
-0.9
-0.8
0.5
0.20000000000000004
-0.1
0.8
8.05
-0.050000000000000044
-0.05
-0.1
0.4
-1.1
-0.5
2.4
0.0
-1.1
0.0
0.0
-0.8
-1.0
0.0
7.199999999999999
-0.7
-0.5
-0.1
5.1
-0.8
0.25
3.8
0.1
-0.4
0.30000000000000004
0.10000000000000009
3.2
1.2000000000000002
-0.85
12.2
-0.1
0.0
0.0
0.1
2.0
5.7
12.9
-0.1
-0.1
9.8
4.1
3.5
-0.1
7.699999999999999
25.5
0.6000000000000001
2.5
0.0
0.0
0.1
0.4
-0.6
0.1
0.0
2.7
-0.4
10.05
-0.1
0.0
11.9
26.3
8.2
0.1
0.0
-0.8
2.8
23.1
-0.1
3.3
-1.0
1.2999999999999998
-0.5
2.05
0.0
0.6000000000000001
5.3
0.1
-0.1
1.2000000000000002
0.5
0.3999999999999999
3.0999999999999996
-1.5
0.0
0.10000000000000009
2.15
-0.050000000000000044
0.0
1.6
-0.1
2.5999999999999996
1.4500000000000002
2.4
-0.5
-0.85
0.19999999999999996
3.1500000000000004
0.1
-0.8500000000000001
-1.1
-0.5
0.10000000000000009
-0.1
-0.19999999999999996
2.9
0.1
5.75
0.20000000000000004
0.30000000000000004
7.699999999999999
10.6
5.1
-0.1
0.1
12.15
1.4
8.7
0.1
-0.1
5.1
-0.050000000000000044
0.1
-0.1
-0.1
-0.5
-0.1
5.5
0.4
0.0
-0.4
0.7
7.0
0.0
3.5
3.05
4.4
0.1
-0.95
2.2
10.3
4.7
-0.6
0.0
-0.9
8.0
9.2
-0.1
0.30000000000000004
2.5
0.6000000000000001
0.1
-0.7
-0.7
9.1
0.30000000000000004
23.15
3.5999999999999996
-0.1
7.199999999999999
0.1
-0.6
0.10000000000000009
-1.35
1.9
0.20000000000000004
4.7
10.45
0.1
5.1
1.4
2.4
8.9
7.800000000000001
2.4
7.699999999999999
-0.6
1.4
0.0
-0.30000000000000004
0.7
10.2
0.30000000000000004
-0.1
0.0
32.6
5.5
24.6
-0.1
6.6
39.6
103.8
0.5
0.0
242.9
-0.1
10.9
0.7999999999999998
0.1
0.7999999999999998
60.9
0.8999999999999999
88.8
0.0
0.8999999999999999
60.9
0.8999999999999999
229.9
0.1
70.9
0.8999999999999999
187.9
0.8999999999999999
0.1
120.9
30.9
0.8999999999999999
20.9
0.30000000000000004
80.9
0.8999999999999999
0.8999999999999999
148.9
0.30000000000000004
0.8999999999999999
0.8999999999999999
60.9
50.9
0.4
20.9
0.8999999999999999
160.9
20.8
-0.1
130.9
0.8999999999999999
20.9
0.8999999999999999
0.6
100.9
50.9
60.9
110.9
0.0
0.8999999999999999
90.9
0.8999999999999999
0.8999999999999999
-0.1
0.7999999999999998
0.8999999999999999
320.9
60.9
0.30000000000000004
0.8999999999999999
0.8999999999999999
140.9
130.9
0.30000000000000004
30.9
0.8999999999999999
30.9
354.9
-0.1
80.9
90.9
0.8999999999999999
80.9
-0.1
80.9
0.8999999999999999
0.8999999999999999
0.8999999999999999
-0.1
20.9
50.9
50.9
90.9
-0.1
240.9
240.9
70.9
10.9
0.4
0.8999999999999999
40.9
70.9
20.9
0.0
0.8999999999999999
10.9
10.9
0.8999999999999999
0.5
350.9
0.8999999999999999
0.8999999999999999
60.9
0.0
0.8999999999999999
100.9
50.9
0.8999999999999999
0.5
0.8999999999999999
60.9
200.9
40.9
0.0
20.9
0.8999999999999999
0.8999999999999999
120.9
0.1
240.9
30.9
10.9
70.9
0.0
70.9
30.9
20.9
0.8999999999999999
-0.1
10.9
0.8999999999999999
0.8999999999999999
0.8999999999999999
-0.1
110.9
20.9
110.9
70.9
-0.10000000000000009
30.9
0.8999999999999999
0.8999999999999999
10.9
-0.1
160.8
70.9
0.8999999999999999
0.8999999999999999
-0.1
0.8999999999999999
0.8999999999999999
20.9
40.9
0.30000000000000004
80.9
40.9
10.9
10.9
0.20000000000000004
0.8999999999999999
0.8999999999999999
40.9
90.9
-0.1
50.9
10.9
0.8999999999999999
10.9
-0.10000000000000009
0.8999999999999999
30.9
50.9
50.9
-0.1
0.8999999999999999
30.9
0.8999999999999999
0.8999999999999999
-0.1
20.9
0.8999999999999999
30.9
0.8999999999999999
0.1
0.8999999999999999
0.8999999999999999
0.8999999999999999
110.9
13.9
90.9
0.8999999999999999
20.9
0.8999999999999999
0.1
30.9
0.8999999999999999
30.9
40.9
0.20000000000000004
20.9
100.9
60.9
0.8999999999999999
0.7
0.8999999999999999
110.9
30.9
99.9
0.30000000000000004
40.9
0.8999999999999999
0.8999999999999999
0.8999999999999999
-0.1
119.9
20.9
80.9
140.9
-0.1
108.9
10.9
50.9
0.8999999999999999
0.5
0.8999999999999999
30.9
40.9
0.8999999999999999
6.8
48.8
10.9
0.8999999999999999
30.9
0.0
0.8999999999999999
49.9
111.9
10.7
3.8
-0.20000000000000007
0.8999999999999999
0.8999999999999999
105.9
0.5
106.7
160.9
0.7999999999999998
39.9
-0.1
0.8999999999999999
0.8999999999999999
0.8999999999999999
54.6
-0.1
142.3
0.8999999999999999
127.9
51.8
-0.4
0.20000000000000004
2.4
0.7999999999999998
18.8
-1.05
-0.95
-0.55
-2.25
-7.45
-0.95
-10.9
-1.75
0.0
-1.0
-0.9
-7.15
-0.4
-1.65
0.19999999999999996
-0.15000000000000002
-2.3
-5.2
0.1
0.25
2.1
-0.8999999999999999
-2.9
-0.7
0.0
-0.15000000000000002
-0.8999999999999999
-4.45
1.9
-0.6000000000000001
-0.1
-3.4000000000000004
0.1
2.5
-10.55
-0.15000000000000002
0.0
-0.1499999999999999
-6.05
-0.95
1.45
0.0
0.19999999999999996
0.0
0.44999999999999996
-0.4
0.20000000000000004
0.3500000000000001
-0.19999999999999996
-0.95
-1.15
1.7999999999999998
-0.95
1.6
-1.8
-0.9
-11.1
2.6500000000000004
-3.3
-4.9
0.1
-1.0
-3.4
0.05000000000000002
0.6499999999999999
-2.65
-0.15000000000000002
0.0
0.1
3.5999999999999996
-0.09999999999999998
4.75
-1.0
-0.95
0.30000000000000004
-1.6
4.65
0.05000000000000002
1.2000000000000002
6.4
-1.65
5.05
1.6
0.050000000000000044
1.1
-0.7
1.4
4.3
0.1499999999999999
-0.19999999999999996
0.0
7.699999999999999
9.0
0.1
7.0
-0.1
6.1
2.3
0.0
-1.5
-0.30000000000000004
-0.4
-1.2
2.1
-0.1
-0.4
0.30000000000000004
0.95
0.0
0.1
0.1
1.65
6.3
-0.95
3.5
0.0
4.6
6.4
2.55
1.4
0.1
6.15
0.19999999999999996
-0.8
-0.4
0.0
-0.3999999999999999
0.20000000000000004
0.0
4.4
-0.4
-0.30000000000000004
-0.6000000000000001
1.7999999999999998
-4.45
3.05
5.8
0.10000000000000009
5.95
-1.6
0.10000000000000009
1.9
0.19999999999999996
0.1
1.1
-0.9
-0.8
5.35
0.1
7.699999999999999
-1.0
-1.05
-0.5
0.8500000000000001
-0.7
-0.5
-0.8
0.0
5.9
2.1
-0.5
0.10000000000000009
0.0
3.4000000000000004
0.30000000000000004
-0.1
0.1
4.1
0.30000000000000004
2.5
0.05000000000000002
1.6
1.4
3.0
1.6
-0.6
-1.2
1.0
0.30000000000000004
0.7
-0.1
8.2
1.5
-0.9
0.0
0.0
0.1
-0.2999999999999998
0.30000000000000004
0.1
-0.15000000000000002
2.0999999999999996
0.1
1.6
0.3999999999999999
-0.05
2.1
-0.85
0.0
0.20000000000000004
-0.1
-2.8
-1.05
5.4
0.19999999999999996
2.05
2.05
7.6
0.19999999999999996
14.2
0.4
-0.1
3.7
2.3
9.55
-0.1
0.1
6.2
4.2
10.8
2.05
0.05000000000000002
7.4
4.6
18.2
-0.8
0.7
19.5
3.5999999999999996
6.2
0.1
0.0
3.5
4.6
1.1
-0.1
4.3
10.3
0.1
-0.8
0.0
2.4
0.0
2.15
0.1
-0.1
-0.75
-0.5
4.5
5.8
0.1
0.30000000000000004
0.0
0.6000000000000001
2.4
-0.1
6.0
5.3
5.4
0.0
5.3
0.10000000000000009
10.3
-0.7
0.7999999999999998
0.0
-0.8
-0.8
12.55
-0.6
-0.75
0.20000000000000004
0.4
5.5
6.6
-0.1
19.8
13.7
3.5999999999999996
7.4
0.25
17.6
8.6
0.1
11.3
-0.1
51.5
0.5
26.7
5.5
0.20000000000000004
-0.7
-0.4
-0.10000000000000009
-0.4
-0.1
23.2
0.30000000000000004
3.7
46.8
-0.20000000000000007
0.8999999999999999
39.8
0.7
0.8999999999999999
0.30000000000000004
10.9
116.9
-0.1
225.9
-0.1
28.9
0.8999999999999999
87.9
28.9
0.5
0.8999999999999999
0.4
0.8999999999999999
39.9
0.0
30.9
219.9
179.9
0.8999999999999999
0.1
30.9
0.8999999999999999
40.9
10.9
0.6
0.8999999999999999
30.7
0.8999999999999999
78.9
0.5
70.9
50.9
120.9
10.9
0.1
288.9
90.9
198.7
20.9
0.1
80.9
109.9
0.8999999999999999
79.9
0.0
0.8999999999999999
40.9
0.8999999999999999
0.8999999999999999
0.0
0.8999999999999999
0.8999999999999999
80.6
40.9
0.30000000000000004
0.8999999999999999
0.7999999999999998
30.9
25.9
0.7
59.9
30.9
0.7999999999999998
0.8999999999999999
-0.1
50.9
123.9
16.8
0.1
0.0
38.9
0.7
86.8
40.9
-0.1
60.9
0.8999999999999999
169.9
78.9
-0.1
51.9
50.8
10.9
10.9
-0.1
50.9
10.9
20.9
9.9
-0.1
50.9
10.9
0.8999999999999999
0.8999999999999999
-0.1
0.8999999999999999
29.7
-0.1
0.8999999999999999
0.20000000000000004
99.9
32.9
147.9
10.9
0.0
0.7999999999999998
280.9
47.9
0.7999999999999998
0.7
10.9
30.9
0.8999999999999999
0.8999999999999999
0.20000000000000004
6.9
10.9
20.9
190.9
-0.1
0.8999999999999999
30.9
0.8999999999999999
20.9
0.0
10.9
0.7
0.8999999999999999
243.9
0.5
0.8999999999999999
39.9
0.8999999999999999
0.8999999999999999
0.5
20.9
59.9
0.8999999999999999
0.8999999999999999
-0.1
-0.10000000000000009
20.9
20.8
68.9
-0.1
9.9
40.8
29.9
0.8999999999999999
0.30000000000000004
222.9
127.9
40.9
10.9
0.20000000000000004
0.8999999999999999
30.9
65.9
70.9
-0.1
18.9
69.9
0.7
105.9
-0.1
30.9
28.9
184.9
98.9
-0.1
30.8
60.9
107.9
0.8999999999999999
-0.1
20.9
0.8999999999999999
30.9
196.9
3.8
20.9
10.9
40.9
0.8999999999999999
0.0
69.9
50.9
10.9
80.9
0.20000000000000004
10.9
0.8999999999999999
0.8999999999999999
110.9
0.6
219.9
60.9
100.9
0.8999999999999999
-0.1
30.9
80.9
0.8999999999999999
0.8999999999999999
0.4
10.9
90.9
199.9
20.9
0.0
50.9
190.9
70.9
0.8999999999999999
0.0
129.9
40.9
0.8999999999999999
0.8999999999999999
-0.1
30.9
0.8999999999999999
50.9
0.8999999999999999
0.20000000000000004
50.9
0.8999999999999999
170.9
70.9
0.30000000000000004
0.8999999999999999
170.9
40.9
120.9
-0.1
9.9
20.9
70.9
20.9
0.5
10.9
0.8999999999999999
40.9
10.9
0.4
0.8999999999999999
30.9
110.9
50.9
0.20000000000000004
0.8999999999999999
30.9
0.8999999999999999
100.9
-0.1
30.9
0.8999999999999999
0.8999999999999999
0.8999999999999999
0.4
0.8999999999999999
140.9
0.8999999999999999
50.9
0.7
60.9
0.8999999999999999
0.7999999999999998
0.8999999999999999
0.0
90.9
50.9
0.8999999999999999
50.9
0.0
100.8
10.9
0.8999999999999999
250.9
-0.1
0.8999999999999999
60.9
0.8999999999999999
20.9
0.20000000000000004
0.8999999999999999
70.9
0.8999999999999999
0.8999999999999999
-0.1
0.8999999999999999
0.8999999999999999
99.9
50.9
0.30000000000000004
180.9
279.9
109.9
110.9
-0.1
38.9
0.8999999999999999
0.8999999999999999
0.8999999999999999
0.20000000000000004
98.9
70.9
60.9
0.8999999999999999
0.4
80.9
30.9
139.9
49.9
-0.1
60.8
227.9
0.8999999999999999
0.8999999999999999
0.20000000000000004
30.9
10.9
280.9
0.8999999999999999
-0.1
-0.10000000000000009
10.9
50.9
0.8999999999999999
-0.1
0.8999999999999999
30.9
50.9
0.8999999999999999
-0.1
110.9
0.8999999999999999
0.8999999999999999
150.9
0.4
10.9
0.8999999999999999
90.9
110.9
0.0
40.9
0.8999999999999999
-0.20000000000000007
20.9
0.4
20.9
69.9
150.9
0.8999999999999999
0.30000000000000004
40.9
40.9
0.8999999999999999
209.9
0.0
30.9
120.9
0.8999999999999999
0.8999999999999999
0.5
10.9
138.8
10.9
10.9
-0.1
0.8999999999999999
80.9
79.9
129.9
-0.1
0.8999999999999999
40.9
90.9
110.9
0.20000000000000004
0.8999999999999999
90.9
109.9
59.9
0.0
90.8
0.8999999999999999
0.8999999999999999
0.8999999999999999
0.20000000000000004
40.9
97.9
0.8999999999999999
90.9
0.6
89.8
70.9
109.8
10.9
0.75
69.9
19.9
277.9
0.8999999999999999
-0.1
119.9
28.9
46.8
0.0
0.1
30.8
69.8
50.9
49.9
0.20000000000000004
0.7999999999999998
10.9
70.9
49.9
0.0
0.8999999999999999
50.9
100.9
224.9
2.9
90.8
0.8999999999999999
20.9
20.9
0.0
110.9
0.8999999999999999
0.8999999999999999
150.8
0.30000000000000004
78.9
0.8999999999999999
0.8999999999999999
90.9
0.1
18.8
38.9
0.8999999999999999
178.9
0.4
40.6
20.9
10.9
70.9
-0.1
0.7999999999999998
49.9
130.7
100.9
0.1
0.8999999999999999
30.9
40.9
0.8999999999999999
-0.1
79.9
0.7999999999999998
195.9
0.7
0.30000000000000004
0.8999999999999999
0.8999999999999999
10.9
80.9
0.0
39.9
10.9
10.9
137.9
0.30000000000000004
40.9
0.8999999999999999
30.9
10.9
-0.1
30.9
30.9
50.7
0.8999999999999999
-0.1
75.9
0.20000000000000004
0.8999999999999999
99.9
0.30000000000000004
0.8999999999999999
98.9
0.8999999999999999
80.8
2.9
49.9
39.9
69.9
15.899999999999999
-0.1
-0.1
0.7
130.9
95.9
0.30000000000000004
59.7
0.8999999999999999
0.8999999999999999
0.8999999999999999
0.30000000000000004
39.9
30.8
30.9
0.8999999999999999
-0.1
70.8
0.8999999999999999
87.8
119.9
0.30000000000000004
0.8999999999999999
0.8999999999999999
10.9
99.9
0.0
0.7
0.8999999999999999
0.8999999999999999
85.9
-0.1
31.799999999999997
0.8999999999999999
0.7999999999999998
10.9
0.7
9.9
118.9
0.7999999999999998
0.8999999999999999
0.4
0.8999999999999999
10.9
116.4
10.5
-0.1
0.8999999999999999
136.9
0.7999999999999998
30.9
-0.1
10.9
164.9
9.9
0.7999999999999998
0.5
98.8
20.9
20.9
10.9
0.30000000000000004
0.8999999999999999
180.9
0.8999999999999999
0.8999999999999999
0.4
0.7999999999999998
50.9
90.9
10.9
0.1
80.9
30.9
10.9
0.8999999999999999
0.0
30.9
20.9
0.8999999999999999
0.8999999999999999
0.20000000000000004
68.9
30.9
70.9
249.9
0.30000000000000004
40.9
20.9
159.9
160.9
0.1
0.8999999999999999
0.8999999999999999
140.9
0.8999999999999999
0.0
40.9
310.9
20.9
229.9
-0.1
0.8999999999999999
0.8999999999999999
0.8999999999999999
20.9
-0.1
70.9
0.8999999999999999
30.9
30.9
0.30000000000000004
150.9
0.8999999999999999
70.9
90.9
0.0
0.8999999999999999
50.9
130.9
10.9
0.20000000000000004
10.9
130.9
59.9
0.8999999999999999
0.30000000000000004
50.9
150.9
10.9
20.9
0.1
130.9
10.9
10.7
50.9
4.9
-0.1
50.9
130.9
0.8999999999999999
-0.1
20.9
190.9
150.9
0.8999999999999999
0.20000000000000004
0.8999999999999999
40.9
60.9
90.9
-0.1
10.9
40.9
0.8999999999999999
0.8999999999999999
0.20000000000000004
0.8999999999999999
0.8999999999999999
0.8999999999999999
20.9
0.1
260.9
180.9
50.9
10.9
0.4
30.9
10.9
150.9
10.9
-0.1
60.9
0.8999999999999999
0.8999999999999999
0.8999999999999999
-0.1
30.9
30.9
0.8999999999999999
20.9
0.30000000000000004
10.9
10.9
0.8999999999999999
10.9
-0.1
70.9
130.9
0.8999999999999999
0.8999999999999999
-0.1
0.8999999999999999
60.9
0.8999999999999999
120.9
-0.1
120.9
40.9
20.9
120.9
0.1
70.9
0.8999999999999999
50.9
0.8999999999999999
0.0
100.9
0.8999999999999999
50.9
50.9
0.30000000000000004
50.9
0.8999999999999999
0.8999999999999999
80.9
0.0
50.9
40.9
90.9
0.8999999999999999
0.30000000000000004
0.8999999999999999
20.9
168.9
50.9
0.20000000000000004
60.9
20.9
230.9
0.8999999999999999
0.1
50.9
40.9
0.8999999999999999
230.9
0.0
40.9
80.9
110.9
20.9
0.0
30.9
20.9
40.9
0.8999999999999999
0.0
110.9
20.9
10.9
60.9
0.30000000000000004
30.9
80.9
0.8999999999999999
38.9
-0.1
230.9
30.9
100.9
80.9
0.20000000000000004
0.8999999999999999
0.8999999999999999
30.9
0.8999999999999999
0.20000000000000004
0.8999999999999999
40.9
0.8999999999999999
110.9
-0.1
0.8999999999999999
210.9
130.9
100.9
-0.1
90.9
0.8999999999999999
0.8999999999999999
0.8999999999999999
-0.1
10.9
70.9
0.8999999999999999
70.9
0.5
0.8999999999999999
20.9
20.9
50.9
-0.1
20.9
220.9
40.9
88.9
-0.1
0.8999999999999999
0.8999999999999999
80.9
40.9
0.1
0.8999999999999999
70.9
60.9
110.9
-0.1
20.9
0.8999999999999999
80.9
140.9
0.20000000000000004
70.9
90.9
110.9
0.8999999999999999
0.20000000000000004
0.8999999999999999
0.8999999999999999
0.8999999999999999
0.8999999999999999
0.20000000000000004
0.8999999999999999
0.8999999999999999
0.8999999999999999
40.9
-0.1
0.8999999999999999
0.8999999999999999
0.8999999999999999
40.9
0.20000000000000004
110.9
60.9
90.9
60.9
-0.10000000000000009
20.9
0.8999999999999999
0.8999999999999999
0.8999999999999999
-0.1
10.9
80.9
90.9
10.9
5.9
120.9
0.8999999999999999
110.9
20.9
-0.1
90.9
0.8999999999999999
10.9
0.8999999999999999
0.1
240.9
0.8999999999999999
20.9
0.8999999999999999
0.20000000000000004
150.9
160.9
0.8999999999999999
0.8999999999999999
0.20000000000000004
160.9
10.9
10.9
0.8999999999999999
-0.1
0.8999999999999999
90.9
60.9
40.9
0.0
20.9
0.8999999999999999
0.8999999999999999
10.9
-0.1
30.9
20.9
50.9
0.8999999999999999
0.0
40.9
120.9
0.8999999999999999
0.8999999999999999
-0.1
40.9
150.9
0.8999999999999999
140.9
0.1
220.9
50.9
0.8999999999999999
0.8999999999999999
-0.1
30.9
0.8999999999999999
40.9
0.8999999999999999
0.20000000000000004
140.9
10.9
20.9
50.9
-0.1
0.8999999999999999
20.9
230.9
0.8999999999999999
0.20000000000000004
0.8999999999999999
0.8999999999999999
140.9
170.9
2.9
138.9
250.9
0.8999999999999999
0.8999999999999999
0.0
50.9
60.9
0.8999999999999999
0.8999999999999999
0.0
0.8999999999999999
30.9
20.9
130.9
0.0
20.9
60.9
10.9
120.9
-0.1
10.9
0.8999999999999999
0.8999999999999999
0.8999999999999999
0.20000000000000004
0.8999999999999999
110.9
80.9
0.8999999999999999
0.1
80.9
0.8999999999999999
30.9
0.8999999999999999
0.0
340.9
120.9
100.9
140.9
0.20000000000000004
60.9
0.8999999999999999
50.9
50.9
0.0
50.9
0.8999999999999999
0.8999999999999999
140.9
0.0
40.9
0.8999999999999999
10.9
0.8999999999999999
-0.1
50.9
50.9
20.9
40.9
0.20000000000000004
0.8999999999999999
10.9
0.8999999999999999
0.8999999999999999
-0.1
20.9
0.8999999999999999
30.9
30.9
9.8
230.9
0.8999999999999999
0.8999999999999999
0.8999999999999999
-0.1
110.9
60.9
0.8999999999999999
120.9
0.20000000000000004
0.8999999999999999
10.9
120.9
0.8999999999999999
0.4
0.8999999999999999
160.9
10.9
0.8999999999999999
0.1
150.9
0.8999999999999999
40.9
50.9
-0.1
30.9
20.9
10.9
0.8999999999999999
0.30000000000000004
130.9
0.8999999999999999
70.9
361.9
-0.1
40.9
80.9
150.9
90.9
0.5
40.9
-0.1
0.8999999999999999
0.8999999999999999
-0.1
0.8999999999999999
120.9
30.9
0.8999999999999999
0.20000000000000004
100.9
90.9
10.9
40.9
1.9
60.9
90.9
0.8999999999999999
0.8999999999999999
0.20000000000000004
180.9
30.9
20.9
10.9
-0.1
130.9
90.9
90.9
80.9
2.8
30.9
130.9
70.9
60.9
0.30000000000000004
130.9
0.8999999999999999
10.9
70.9
0.20000000000000004
20.9
0.8999999999999999
-0.1
0.8999999999999999
-0.1
10.9
40.9
0.8999999999999999
0.8999999999999999
0.20000000000000004
90.9
0.8999999999999999
10.9
0.8999999999999999
-0.1
140.9
100.9
50.9
0.8999999999999999
-0.1
210.9
0.8999999999999999
0.8999999999999999
0.8999999999999999
-0.1
-0.1
150.9
0.8999999999999999
0.8999999999999999
-0.1
0.8999999999999999
160.9
160.9
30.9
-0.1
80.9
50.9
-0.1
-0.1
0.0
100.9
0.8999999999999999
90.9
70.9
0.30000000000000004
0.8999999999999999
110.9
50.9
0.8999999999999999
-0.1
180.9
80.9
0.8999999999999999
40.9
0.0
20.9
0.8999999999999999
170.9
10.9
0.0
20.9
80.9
-0.1
180.9
0.0
30.9
0.8999999999999999
100.9
40.9
0.30000000000000004
120.9
0.8999999999999999
110.9
30.9
0.0
60.9
10.9
80.9
30.9
0.7999999999999998
170.9
20.9
-0.1
50.9
0.0
60.9
110.9
0.8999999999999999
40.9
0.6
50.9
20.9
0.8999999999999999
0.8999999999999999
0.6
0.8999999999999999
50.9
0.8999999999999999
110.9
0.20000000000000004
80.9
30.9
50.9
10.9
0.5
100.9
20.9
110.9
0.8999999999999999
0.0
40.9
30.9
180.9
90.9
0.30000000000000004
0.8999999999999999
0.8999999999999999
230.9
10.9
-0.1
220.9
0.8999999999999999
20.9
0.8999999999999999
-0.1
0.8999999999999999
-0.1
80.9
90.9
-0.10000000000000009
0.8999999999999999
0.8999999999999999
20.9
0.8999999999999999
0.30000000000000004
30.9
0.8999999999999999
10.9
0.8999999999999999
0.0
0.8999999999999999
80.9
110.9
352.9
0.20000000000000004
50.9
50.9
90.9
20.9
-0.1
10.9
80.9
0.8999999999999999
70.9
0.4
160.9
50.9
0.8999999999999999
20.9
0.4
0.8999999999999999
50.9
20.9
50.9
0.30000000000000004
-0.1
10.9
20.9
90.9
0.7
270.9
0.8999999999999999
0.8999999999999999
0.8999999999999999
-0.1
10.9
160.9
0.8999999999999999
20.9
0.0
230.9
0.8999999999999999
0.8999999999999999
40.9
-0.10000000000000009
60.9
40.9
0.8999999999999999
30.9
-0.1
50.9
0.8999999999999999
160.9
-0.1
0.30000000000000004
0.8999999999999999
70.9
0.8999999999999999
10.9
0.20000000000000004
130.9
0.8999999999999999
50.9
80.9
0.30000000000000004
10.9
0.8999999999999999
50.9
-0.1
-0.1
0.8999999999999999
80.9
-0.1
0.8999999999999999
0.30000000000000004
150.9
10.9
10.9
10.9
-0.1
40.9
10.9
0.8999999999999999
352.9
0.6
90.9
50.9
0.8999999999999999
0.8999999999999999
-0.1
30.9
10.9
140.9
0.8999999999999999
0.6
20.9
110.9
-0.1
30.9
0.0
10.9
-0.1
30.9
310.9
0.4
40.9
50.9
210.9
120.9
0.0
60.9
10.9
20.9
60.9
0.30000000000000004
0.8999999999999999
40.9
0.8999999999999999
250.9
-0.1
20.9
0.8999999999999999
100.9
0.8999999999999999
6.9
100.9
0.8999999999999999
40.9
10.9
-0.1
0.8999999999999999
110.9
60.9
0.8999999999999999
-0.1
10.9
-0.1
90.9
70.9
0.20000000000000004
40.9
0.8999999999999999
120.9
120.9
-0.1
30.9
0.8999999999999999
40.9
40.9
0.20000000000000004
30.9
80.9
30.9
0.8999999999999999
0.20000000000000004
60.9
0.8999999999999999
0.8999999999999999
160.9
0.1
0.8999999999999999
100.9
20.9
80.9
0.0
120.9
130.9
-0.1
70.9
-0.1
0.8999999999999999
-0.1
70.9
130.9
0.0
0.8999999999999999
0.8999999999999999
30.9
70.9
0.30000000000000004
20.9
10.9
20.9
10.9
-0.1
130.9
50.9
-0.1
0.8999999999999999
0.5
0.8999999999999999
120.9
0.8999999999999999
70.9
-0.1
60.9
0.8999999999999999
60.9
-0.1
-0.1
160.9
0.8999999999999999
10.9
220.9
0.30000000000000004
0.8999999999999999
60.9
0.8999999999999999
0.8999999999999999
0.0
0.8999999999999999
20.9
30.9
120.9
0.0
180.9
90.9
0.8999999999999999
0.8999999999999999
0.20000000000000004
110.9
40.9
60.9
10.9
0.20000000000000004
0.8999999999999999
0.8999999999999999
50.9
40.9
0.1
130.9
100.9
0.8999999999999999
70.9
0.20000000000000004
0.8999999999999999
0.8999999999999999
90.9
0.8999999999999999
0.30000000000000004
-0.1
352.9
0.8999999999999999
170.9
0.0
0.8999999999999999
90.9
70.9
10.9
-0.1
0.8999999999999999
0.8999999999999999
200.9
120.9
0.30000000000000004
20.9
0.8999999999999999
30.9
120.9
0.6
20.9
0.8999999999999999
80.9
0.8999999999999999
0.5
0.8999999999999999
50.9
60.9
30.9
0.30000000000000004
300.9
20.9
170.9
100.9
-0.1
0.8999999999999999
160.9
0.8999999999999999
30.9
0.7999999999999998
0.8999999999999999
0.8999999999999999
140.9
60.9
0.1
0.8999999999999999
20.9
80.9
40.9
0.6
30.9
0.8999999999999999
90.9
50.9
-0.1
0.8999999999999999
0.8999999999999999
40.9
0.8999999999999999
-0.1
0.8999999999999999
0.8999999999999999
300.9
0.8999999999999999
0.20000000000000004
50.9
0.8999999999999999
10.9
240.9
0.0
0.8999999999999999
0.8999999999999999
40.9
50.9
0.20000000000000004
40.9
90.9
150.9
90.9
0.5
230.9
50.9
70.9
0.8999999999999999
0.5
60.9
0.8999999999999999
0.8999999999999999
0.8999999999999999
0.4
50.9
40.9
40.9
0.8999999999999999
-0.1
0.8999999999999999
0.8999999999999999
40.9
120.9
-0.1
50.9
50.9
0.8999999999999999
20.9
0.1
50.9
10.9
90.9
110.9
0.6
60.9
0.8999999999999999
100.9
10.9
0.8999999999999999
0.8999999999999999
0.8999999999999999
0.8999999999999999
0.8999999999999999
0.4
40.9
-0.1
30.9
0.8999999999999999
0.30000000000000004
30.9
20.9
20.9
90.9
0.0
0.8999999999999999
0.8999999999999999
10.9
-0.1
0.30000000000000004
0.8999999999999999
0.8999999999999999
50.9
0.8999999999999999
0.6
0.8999999999999999
10.9
130.9
70.9
0.1
0.8999999999999999
0.8999999999999999
0.8999999999999999
10.9
0.30000000000000004
50.9
0.8999999999999999
30.9
20.9
0.0
0.8999999999999999
0.8999999999999999
20.9
0.8999999999999999
0.1
20.9
0.8999999999999999
90.9
10.9
0.0
40.9
0.8999999999999999
200.9
0.8999999999999999
-0.1
90.9
-0.1
0.8999999999999999
20.9
0.1
20.9
0.8999999999999999
220.9
120.9
-0.1
90.9
50.9
90.9
0.8999999999999999
-0.1
30.9
130.9
140.9
40.9
0.0
0.8999999999999999
-0.1
90.9
20.9
0.20000000000000004
0.8999999999999999
352.9
0.8999999999999999
100.9
-0.1
90.9
20.9
30.9
0.8999999999999999
-0.1
240.9
0.8999999999999999
170.9
70.9
0.20000000000000004
270.9
-0.1
10.9
160.9
0.30000000000000004
0.8999999999999999
20.9
0.8999999999999999
10.9
0.0
0.8999999999999999
130.9
0.8999999999999999
0.8999999999999999
-0.1
0.8999999999999999
50.9
0.8999999999999999
10.9
0.0
110.9
0.8999999999999999
0.8999999999999999
60.9
0.7
30.9
10.9
10.9
-0.1
0.30000000000000004
40.9
0.8999999999999999
0.8999999999999999
70.9
-0.1
20.9
160.9
0.8999999999999999
40.9
0.4
0.8999999999999999
170.9
0.8999999999999999
30.9
4.9
0.8999999999999999
220.9
0.8999999999999999
10.9
-0.1
0.8999999999999999
0.8999999999999999
20.9
0.8999999999999999
-0.1
0.8999999999999999
-0.1
70.9
0.8999999999999999
0.0
20.9
110.9
0.8999999999999999
80.9
0.0
80.9
-0.1
10.9
0.8999999999999999
-0.1
-0.1
40.9
0.8999999999999999
240.9
8.9
0.8999999999999999
100.9
50.9
70.9
0.1
20.9
120.9
0.8999999999999999
0.8999999999999999
0.20000000000000004
90.9
70.9
220.9
170.9
0.1
80.9
100.9
20.9
30.9
-0.1
0.8999999999999999
120.9
0.8999999999999999
0.8999999999999999
-0.1
0.8999999999999999
170.9
0.8999999999999999
180.9
0.0
0.8999999999999999
200.9
-0.1
0.8999999999999999
0.20000000000000004
-0.1
0.8999999999999999
0.8999999999999999
20.9
0.4
90.9
30.9
70.9
0.8999999999999999
0.5
80.9
60.9
-0.1
20.9
0.5
60.9
60.9
-0.1
0.8999999999999999
-0.1
0.8999999999999999
10.9
0.8999999999999999
20.9
-0.1
70.9
10.9
-0.1
0.8999999999999999
0.30000000000000004
0.8999999999999999
240.9
0.8999999999999999
10.9
-0.1
100.9
0.8999999999999999
0.8999999999999999
0.8999999999999999
0.4
50.9
0.8999999999999999
0.8999999999999999
80.9
-0.1
0.8999999999999999
10.9
-0.1
-0.1
-0.1
0.8999999999999999
80.9
0.8999999999999999
20.9
-0.1
40.9
50.9
10.9
80.9
-0.1
0.8999999999999999
240.9
0.8999999999999999
50.9
-0.1
250.9
10.9
90.9
0.8999999999999999
0.6
10.9
60.9
10.9
80.9
-0.1
90.9
50.9
70.9
40.9
0.20000000000000004
10.9
30.9
0.8999999999999999
0.8999999999999999
0.1
0.8999999999999999
20.9
0.8999999999999999
10.9
-0.1
170.9
100.9
10.9
70.9
2.8
160.9
110.9
20.9
110.9
-0.1
351.9
110.9
40.9
0.8999999999999999
0.30000000000000004
0.8999999999999999
0.8999999999999999
150.9
0.8999999999999999
0.0
40.9
120.9
0.8999999999999999
0.8999999999999999
0.0
30.9
50.9
0.8999999999999999
20.9
0.20000000000000004
60.9
10.9
0.8999999999999999
100.9
0.5
290.9
140.9
20.9
0.8999999999999999
0.5
330.9
20.9
0.8999999999999999
0.8999999999999999
0.20000000000000004
130.9
0.8999999999999999
120.9
0.8999999999999999
0.30000000000000004
40.9
50.9
50.9
60.9
0.4
20.9
10.9
0.8999999999999999
0.8999999999999999
0.8999999999999999
40.9
0.8999999999999999
110.9
50.9
0.1
0.8999999999999999
100.9
210.9
0.8999999999999999
0.0
10.9
0.8999999999999999
40.9
80.9
0.30000000000000004
20.9
130.9
0.8999999999999999
10.9
-0.1
50.9
0.8999999999999999
0.8999999999999999
-0.1
0.20000000000000004
0.8999999999999999
0.8999999999999999
0.8999999999999999
-0.1
0.20000000000000004
170.9
0.8999999999999999
10.9
110.9
-0.10000000000000009
40.9
0.8999999999999999
120.9
0.8999999999999999
0.8999999999999999
0.8999999999999999
310.9
160.9
0.8999999999999999
0.0
50.9
130.9
0.8999999999999999
70.9
0.0
80.9
0.8999999999999999
50.9
0.8999999999999999
0.30000000000000004
80.9
160.9
160.9
30.9
0.0
30.9
40.9
70.9
-0.1
-0.1
20.9
10.9
220.9
150.9
0.30000000000000004
0.8999999999999999
0.8999999999999999
250.9
20.9
0.0
0.8999999999999999
80.9
60.9
40.9
0.0
10.9
70.9
60.9
10.9
0.20000000000000004
130.9
40.9
100.9
40.9
0.0
50.9
30.9
10.9
0.8999999999999999
0.30000000000000004
60.9
100.9
80.9
-0.1
-0.1
30.9
0.8999999999999999
0.8999999999999999
90.9
-0.1
40.9
0.8999999999999999
80.9
0.8999999999999999
-0.1
0.8999999999999999
10.9
210.9
20.9
0.30000000000000004
170.9
0.8999999999999999
90.9
40.9
0.0
0.8999999999999999
220.9
120.9
60.9
0.30000000000000004
10.9
0.8999999999999999
70.9
0.8999999999999999
0.30000000000000004
70.9
0.8999999999999999
0.8999999999999999
0.8999999999999999
0.1
50.9
10.9
30.9
20.9
0.0
10.9
0.8999999999999999
130.9
-0.1
0.5
10.9
20.9
30.9
40.9
-0.1
0.8999999999999999
10.9
0.8999999999999999
70.9
0.6
20.9
80.9
30.9
0.8999999999999999
-0.1
160.9
0.8999999999999999
80.9
0.8999999999999999
0.20000000000000004
0.8999999999999999
20.9
10.9
0.8999999999999999
0.20000000000000004
200.9
60.9
10.9
140.9
-0.10000000000000009
80.9
160.9
60.9
90.9
0.7
110.9
0.8999999999999999
160.9
20.9
-0.1
0.8999999999999999
140.9
0.8999999999999999
0.8999999999999999
0.20000000000000004
20.9
0.8999999999999999
0.8999999999999999
0.8999999999999999
0.0
30.9
340.9
0.8999999999999999
0.8999999999999999
0.5
50.9
40.9
0.8999999999999999
10.9
11.9
0.8999999999999999
0.8999999999999999
-0.1
10.9
-0.1
10.9
0.8999999999999999
0.8999999999999999
-0.1
-0.1
240.9
0.8999999999999999
240.9
0.8999999999999999
0.5
150.9
60.9
0.8999999999999999
40.9
-0.1
190.9
30.9
50.9
30.9
0.4
190.9
20.9
0.8999999999999999
10.9
-0.1
40.9
20.9
40.9
0.8999999999999999
-0.1
0.8999999999999999
20.9
0.8999999999999999
50.9
0.7
0.8999999999999999
130.9
349.9
280.9
0.0
0.8999999999999999
100.9
0.8999999999999999
160.9
0.30000000000000004
70.9
0.8999999999999999
20.9
30.9
0.0
0.8999999999999999
250.9
0.8999999999999999
20.9
0.1
0.8999999999999999
20.9
50.9
40.9
0.30000000000000004
80.9
100.9
20.9
200.9
0.1
30.9
60.9
0.8999999999999999
100.9
-0.1
20.9
0.8999999999999999
100.9
160.9
0.20000000000000004
40.9
0.8999999999999999
130.9
110.9
-0.1
0.8999999999999999
110.9
10.9
0.8999999999999999
-0.20000000000000007
0.8999999999999999
190.9
0.8999999999999999
20.9
-0.1
0.8999999999999999
210.9
70.9
70.9
0.30000000000000004
10.9
10.9
260.9
0.8999999999999999
0.4
130.9
0.8999999999999999
30.9
0.8999999999999999
-0.1
0.8999999999999999
40.9
130.9
90.9
0.5
0.8999999999999999
0.8999999999999999
0.8999999999999999
0.8999999999999999
-0.1
60.9
150.9
0.8999999999999999
30.9
0.20000000000000004
140.9
0.8999999999999999
0.8999999999999999
0.8999999999999999
0.20000000000000004
90.9
0.8999999999999999
130.9
10.9
0.7
190.9
10.9
60.9
0.8999999999999999
0.6
10.9
0.8999999999999999
60.9
10.9
0.30000000000000004
10.9
40.9
50.9
0.8999999999999999
0.20000000000000004
0.8999999999999999
30.9
80.9
210.9
-0.10000000000000009
0.8999999999999999
0.8999999999999999
-0.1
0.8999999999999999
-0.1
180.9
270.9
160.9
346.9
0.0
0.8999999999999999
0.8999999999999999
10.9
140.9
0.0
0.8999999999999999
70.9
20.9
250.9
-0.1
0.8999999999999999
-0.1
0.8999999999999999
60.9
0.20000000000000004
40.9
0.8999999999999999
50.9
0.8999999999999999
-0.1
60.9
10.9
140.9
110.9
-0.10000000000000009
100.9
30.9
160.9
80.9
-0.1
0.8999999999999999
-0.1
80.9
80.9
0.30000000000000004
0.8999999999999999
-0.1
60.9
100.9
0.0
60.9
20.9
0.8999999999999999
60.9
0.20000000000000004
20.9
20.9
80.9
20.9
-0.1
80.9
70.9
320.9
40.9
-0.1
20.9
30.9
50.9
130.9
0.6
50.9
150.9
60.9
30.9
4.9
30.9
90.9
-0.1
10.9
0.1
30.9
0.8999999999999999
0.8999999999999999
100.9
0.1
40.9
-0.1
0.8999999999999999
30.9
0.0
10.9
150.9
100.9
10.9
0.0
200.9
180.9
0.8999999999999999
-0.1
0.0
0.8999999999999999
30.9
30.9
20.9
0.20000000000000004
80.9
0.8999999999999999
20.9
30.9
0.5
0.8999999999999999
0.8999999999999999
-0.1
20.9
0.4
0.8999999999999999
0.8999999999999999
90.9
130.9
0.0
60.9
40.9
30.9
0.8999999999999999
-0.1
100.9
50.9
0.8999999999999999
10.9
2.8
20.9
150.9
0.8999999999999999
120.9
-0.1
0.8999999999999999
60.9
0.8999999999999999
130.9
0.30000000000000004
70.9
20.9
20.9
70.9
-0.1
0.8999999999999999
210.9
0.8999999999999999
0.8999999999999999
0.20000000000000004
10.9
0.8999999999999999
60.9
100.9
0.30000000000000004
-0.1
80.9
60.9
120.9
-0.1
345.9
0.8999999999999999
0.8999999999999999
0.8999999999999999
-0.1
180.9
0.8999999999999999
70.9
0.8999999999999999
0.30000000000000004
0.8999999999999999
40.9
200.9
110.9
-0.1
50.9
40.9
0.8999999999999999
130.9
0.0
0.8999999999999999
190.9
0.8999999999999999
10.9
-0.1
30.9
10.9
30.9
0.8999999999999999
-0.1
0.8999999999999999
50.9
10.9
0.8999999999999999
0.4
50.9
0.8999999999999999
30.9
0.8999999999999999
-0.1
0.8999999999999999
0.8999999999999999
140.9
20.9
0.20000000000000004
0.8999999999999999
0.8999999999999999
230.9
140.9
0.0
10.9
0.8999999999999999
190.9
150.9
0.0
0.8999999999999999
270.9
0.8999999999999999
0.8999999999999999
0.4
0.8999999999999999
0.8999999999999999
20.9
0.8999999999999999
-0.1
30.9
120.9
0.8999999999999999
10.9
0.0
0.8999999999999999
-0.1
20.9
40.9
-0.10000000000000009
0.8999999999999999
80.9
0.8999999999999999
0.8999999999999999
0.20000000000000004
0.8999999999999999
30.9
60.9
10.9
0.6
140.9
-0.1
210.9
10.9
0.5
30.9
0.0
-0.1
10.9
0.0
100.9
0.8999999999999999
0.8999999999999999
170.9
0.30000000000000004
10.9
30.9
0.8999999999999999
0.8999999999999999
-0.1
0.8999999999999999
10.9
0.8999999999999999
10.9
0.4
-0.1
0.8999999999999999
280.9
0.8999999999999999
-0.1
30.9
0.8999999999999999
70.9
20.9
-0.1
60.9
0.8999999999999999
60.9
50.9
0.0
0.8999999999999999
0.8999999999999999
180.9
60.9
0.0
30.9
0.8999999999999999
90.9
347.9
0.30000000000000004
0.8999999999999999
70.9
130.9
-0.1
0.1
0.8999999999999999
80.9
150.9
30.9
0.4
140.9
0.8999999999999999
110.9
0.8999999999999999
0.20000000000000004
120.9
0.8999999999999999
0.8999999999999999
0.8999999999999999
0.0
-0.1
90.9
10.9
30.9
0.30000000000000004
150.9
10.9
80.9
60.9
0.30000000000000004
0.8999999999999999
0.8999999999999999
-0.1
0.8999999999999999
-0.1
110.9
0.8999999999999999
0.8999999999999999
90.9
-0.30000000000000004
90.9
20.9
20.9
30.9
-0.1
90.9
0.8999999999999999
60.9
230.9
0.20000000000000004
160.9
0.8999999999999999
10.9
90.9
0.20000000000000004
100.9
60.9
90.9
300.9
0.1
40.9
10.9
10.9
190.9
0.0
50.9
0.8999999999999999
40.9
50.9
0.1
0.8999999999999999
0.8999999999999999
0.8999999999999999
0.8999999999999999
0.7
170.9
0.8999999999999999
0.8999999999999999
60.9
0.0
0.8999999999999999
0.8999999999999999
10.9
20.9
-0.1
290.9
160.9
170.9
20.9
4.9
0.8999999999999999
0.8999999999999999
0.8999999999999999
-0.1
2.7
70.9
0.8999999999999999
100.9
10.9
0.6
30.9
-0.1
30.9
0.8999999999999999
0.0
10.9
0.8999999999999999
0.8999999999999999
80.9
0.4
190.9
0.8999999999999999
30.9
40.9
0.0
0.8999999999999999
80.9
0.8999999999999999
20.9
-0.1
40.9
30.9
110.9
-0.1
-0.10000000000000009
70.9
70.9
0.8999999999999999
0.8999999999999999
0.30000000000000004
110.9
0.8999999999999999
20.9
50.9
-0.1
90.9
60.9
0.8999999999999999
110.9
6.8
0.8999999999999999
210.9
0.8999999999999999
30.9
0.5
90.9
80.9
140.9
10.9
0.5
50.9
0.8999999999999999
130.9
80.9
-0.1
50.9
80.9
0.8999999999999999
0.8999999999999999
0.4
110.9
10.9
10.9
0.8999999999999999
0.30000000000000004
10.9
110.9
0.8999999999999999
40.9
-0.1
90.9
0.8999999999999999
0.8999999999999999
50.9
-0.1
50.9
60.9
40.9
10.9
-0.1
40.9
50.9
30.9
40.9
-0.10000000000000009
50.9
0.8999999999999999
130.9
0.8999999999999999
-0.1
0.8999999999999999
80.9
0.8999999999999999
0.8999999999999999
-0.1
30.9
0.8999999999999999
90.9
0.8999999999999999
0.0
10.9
0.8999999999999999
10.9
0.8999999999999999
0.30000000000000004
20.9
40.9
110.9
110.9
-0.1
130.9
-0.1
90.9
20.9
0.30000000000000004
230.9
230.9
310.9
0.8999999999999999
0.4
0.8999999999999999
260.9
20.9
170.9
0.0
0.8999999999999999
0.8999999999999999
150.9
-0.1
-0.1
0.8999999999999999
170.9
40.9
250.9
-0.1
0.8999999999999999
0.8999999999999999
60.9
30.9
0.6
0.8999999999999999
70.9
80.9
20.9
0.0
160.9
0.8999999999999999
50.9
120.9
0.20000000000000004
40.9
70.9
70.9
30.9
0.20000000000000004
50.9
0.8999999999999999
60.9
0.8999999999999999
0.30000000000000004
70.9
50.9
70.9
10.9
0.0
-0.1
0.8999999999999999
180.9
-0.1
-0.1
40.9
20.9
60.9
-0.1
0.20000000000000004
0.8999999999999999
20.9
140.9
10.9
0.1
40.9
160.9
-0.1
0.8999999999999999
0.1
250.9
20.9
0.8999999999999999
160.9
0.30000000000000004
0.8999999999999999
50.9
0.8999999999999999
0.8999999999999999
0.0
10.9
-0.1
-0.1
170.9
0.20000000000000004
80.9
0.8999999999999999
30.9
40.9
0.7999999999999998
0.8999999999999999
0.8999999999999999
0.8999999999999999
100.9
0.30000000000000004
120.9
50.9
10.9
240.9
0.0
100.9
60.9
0.8999999999999999
120.9
0.20000000000000004
210.9
30.9
10.9
60.9
0.20000000000000004
30.9
0.8999999999999999
80.9
40.9
-0.1
0.8999999999999999
160.9
70.9
70.9
0.20000000000000004
300.9
140.9
0.8999999999999999
0.8999999999999999
-0.1
40.9
0.8999999999999999
0.8999999999999999
70.9
0.5
90.9
0.8999999999999999
0.8999999999999999
110.9
0.20000000000000004
-0.1
20.9
10.9
0.8999999999999999
0.4
80.9
0.8999999999999999
20.9
40.9
0.0
0.8999999999999999
150.9
0.8999999999999999
0.8999999999999999
-0.1
210.9
20.9
80.9
0.8999999999999999
0.0
140.9
0.8999999999999999
0.8999999999999999
0.8999999999999999
0.0
80.9
50.9
0.8999999999999999
100.9
-0.1
0.8999999999999999
0.8999999999999999
0.8999999999999999
10.9
-0.1
40.9
90.9
0.8999999999999999
0.8999999999999999
-0.1
0.8999999999999999
30.9
0.8999999999999999
0.8999999999999999
0.0
60.9
150.9
10.9
0.8999999999999999
5.9
90.9
130.9
100.9
10.9
-0.1
0.8999999999999999
90.9
80.9
0.8999999999999999
0.20000000000000004
160.9
-0.1
10.9
180.9
-0.1
10.9
30.9
70.9
100.9
0.1
40.9
120.9
10.9
0.8999999999999999
-0.1
0.8999999999999999
140.9
30.9
20.9
0.1
60.9
250.9
90.9
190.9
-0.1
100.9
100.9
130.9
100.9
0.1
50.9
140.9
0.8999999999999999
130.9
3.9000000000000004
270.9
50.9
50.9
10.9
-0.1
30.9
-0.1
70.9
10.9
0.1
100.9
150.9
70.9
0.8999999999999999
0.20000000000000004
290.9
240.9
0.8999999999999999
20.9
0.30000000000000004
30.9
0.8999999999999999
0.8999999999999999
0.8999999999999999
0.1
0.8999999999999999
30.9
0.8999999999999999
80.9
0.1
10.9
0.8999999999999999
30.9
90.9
0.0
80.9
130.9
70.9
20.9
-0.1
0.8999999999999999
130.9
-0.1
0.8999999999999999
0.0
-0.1
60.9
0.8999999999999999
90.9
0.30000000000000004
150.9
20.9
0.8999999999999999
0.8999999999999999
0.0
0.8999999999999999
20.9
30.9
70.9
0.0
342.9
20.9
150.9
60.9
0.0
0.8999999999999999
20.9
0.8999999999999999
230.9
0.0
30.9
130.9
0.8999999999999999
0.8999999999999999
0.20000000000000004
80.9
0.8999999999999999
40.9
90.9
-0.1
70.9
100.9
0.8999999999999999
30.9
0.30000000000000004
70.9
70.9
0.8999999999999999
0.8999999999999999
0.5
0.8999999999999999
0.8999999999999999
0.8999999999999999
-0.1
0.0
80.9
0.8999999999999999
220.9
140.9
0.0
10.9
-0.1
50.9
0.8999999999999999
-0.20000000000000007
50.9
-0.1
342.9
0.8999999999999999
-0.1
20.9
0.8999999999999999
0.8999999999999999
0.8999999999999999
0.30000000000000004
140.9
0.8999999999999999
0.8999999999999999
80.9
0.5
150.9
0.8999999999999999
130.9
100.9
0.0
0.8999999999999999
60.9
210.9
0.8999999999999999
0.0
20.9
-0.1
140.9
110.9
0.20000000000000004
200.9
0.8999999999999999
0.8999999999999999
0.8999999999999999
-0.1
40.9
280.9
60.9
0.8999999999999999
0.1
170.9
80.9
-0.1
20.9
0.0
0.8999999999999999
50.9
140.9
10.9
-0.10000000000000009
50.9
100.9
100.9
20.9
-0.1
60.9
170.9
0.8999999999999999
20.9
0.4
0.8999999999999999
70.9
10.9
150.9
0.0
30.9
140.9
-0.1
10.9
0.30000000000000004
30.9
0.8999999999999999
0.8999999999999999
70.9
0.0
0.8999999999999999
70.9
0.8999999999999999
120.9
0.0
60.9
0.8999999999999999
190.9
10.9
0.7
40.9
150.9
0.8999999999999999
10.9
0.7999999999999998
0.8999999999999999
342.9
260.9
140.9
1.9
90.9
0.8999999999999999
50.9
60.9
0.30000000000000004
70.9
60.9
10.9
20.9
0.20000000000000004
170.9
50.9
50.9
0.8999999999999999
0.0
70.9
0.8999999999999999
10.9
140.9
0.20000000000000004
0.8999999999999999
100.9
20.9
0.8999999999999999
-0.1
60.9
0.8999999999999999
0.8999999999999999
60.9
0.30000000000000004
40.9
0.8999999999999999
120.9
0.8999999999999999
0.20000000000000004
90.9
0.8999999999999999
50.9
50.9
-0.1
10.9
342.9
0.8999999999999999
0.8999999999999999
7.800000000000001
20.9
60.9
40.9
230.9
0.0
0.8999999999999999
30.9
60.9
10.9
-0.1
0.8999999999999999
-0.1
260.9
80.9
0.5
10.9
0.8999999999999999
342.9
100.9
0.5
-0.1
50.9
0.8999999999999999
0.8999999999999999
0.20000000000000004
260.9
70.9
20.9
0.8999999999999999
-0.1
90.9
0.8999999999999999
120.9
-0.1
-0.1
-0.1
0.8999999999999999
30.9
0.8999999999999999
0.30000000000000004
0.8999999999999999
60.9
-0.1
0.8999999999999999
-0.1
20.9
60.9
0.8999999999999999
0.8999999999999999
0.30000000000000004
160.9
10.9
0.8999999999999999
100.9
0.20000000000000004
10.9
0.8999999999999999
170.9
50.9
0.0
180.9
342.9
0.8999999999999999
140.9
0.30000000000000004
0.8999999999999999
40.9
0.8999999999999999
30.9
0.30000000000000004
50.9
50.9
100.9
40.9
0.30000000000000004
-0.1
170.9
0.8999999999999999
-0.1
0.0
50.9
190.9
310.9
-0.1
-0.10000000000000009
10.9
0.8999999999999999
180.9
0.8999999999999999
-0.1
60.9
30.9
-0.1
30.9
0.0
80.9
0.8999999999999999
20.9
20.9
0.0
30.9
80.9
170.9
-0.1
0.1
180.9
20.9
100.9
180.9
0.5
0.8999999999999999
100.9
180.9
0.8999999999999999
5.9
0.8999999999999999
50.9
110.9
0.8999999999999999
0.0
10.9
140.9
20.9
0.8999999999999999
0.30000000000000004
30.9
0.8999999999999999
50.9
130.9
0.0
0.8999999999999999
110.9
10.9
0.8999999999999999
-0.1
40.9
70.9
40.9
-0.1
-0.1
60.9
310.9
-0.1
220.9
0.1
0.8999999999999999
10.9
70.9
280.9
-0.1
70.9
100.9
0.8999999999999999
10.9
0.0
-0.1
70.9
0.8999999999999999
0.8999999999999999
-0.1
0.8999999999999999
30.9
342.9
0.8999999999999999
0.1
40.9
0.8999999999999999
60.9
280.9
-0.1
120.9
10.9
0.8999999999999999
50.9
-0.1
90.9
342.9
0.8999999999999999
-0.1
0.6
0.8999999999999999
0.8999999999999999
30.9
10.9
0.0
0.8999999999999999
0.8999999999999999
40.9
0.8999999999999999
0.0
30.9
30.9
0.8999999999999999
160.9
0.20000000000000004
20.9
0.8999999999999999
70.9
160.9
0.20000000000000004
30.9
30.9
0.8999999999999999
0.8999999999999999
0.5
70.9
30.9
50.9
50.9
-0.1
40.9
0.8999999999999999
20.9
190.9
0.5
0.8999999999999999
0.8999999999999999
50.9
0.8999999999999999
0.20000000000000004
70.9
10.9
0.8999999999999999
30.9
-0.1
110.9
-0.1
342.9
20.9
0.1
20.9
300.9
180.9
30.9
-0.1
0.8999999999999999
10.9
10.9
0.8999999999999999
9.8
10.9
10.9
100.9
70.9
-0.1
0.8999999999999999
0.8999999999999999
50.9
70.9
-0.1
20.9
50.9
0.8999999999999999
0.8999999999999999
-0.1
210.9
40.9
-0.1
0.8999999999999999
0.20000000000000004
290.9
10.9
30.9
0.8999999999999999
0.30000000000000004
40.9
-0.1
40.9
40.9
-0.1
70.9
30.9
0.8999999999999999
0.8999999999999999
0.20000000000000004
90.9
60.9
160.9
0.8999999999999999
0.30000000000000004
0.8999999999999999
320.9
90.9
0.8999999999999999
0.30000000000000004
50.9
80.9
0.8999999999999999
20.9
0.6
0.8999999999999999
40.9
-0.1
30.9
-0.1
-0.1
70.9
0.8999999999999999
210.9
0.0
180.9
0.8999999999999999
20.9
10.9
-0.1
0.8999999999999999
0.8999999999999999
90.9
0.8999999999999999
0.1
0.8999999999999999
-0.1
0.8999999999999999
0.8999999999999999
-0.1
160.9
70.9
100.9
0.8999999999999999
0.5
160.9
180.9
0.8999999999999999
50.9
0.20000000000000004
50.9
110.9
0.8999999999999999
0.8999999999999999
-0.1
0.8999999999999999
90.9
220.9
50.9
0.30000000000000004
30.9
150.9
-0.1
0.8999999999999999
0.20000000000000004
120.9
0.8999999999999999
0.8999999999999999
20.9
-0.1
0.8999999999999999
160.9
0.8999999999999999
110.9
0.1
60.9
30.9
40.9
30.9
0.4
0.8999999999999999
90.9
342.9
200.9
0.4
0.8999999999999999
0.8999999999999999
60.9
0.8999999999999999
0.1
40.9
0.8999999999999999
0.8999999999999999
342.9
0.6
0.8999999999999999
0.8999999999999999
-0.1
10.9
0.1
160.9
0.8999999999999999
0.8999999999999999
100.9
0.20000000000000004
-0.1
110.9
110.9
10.9
0.20000000000000004
10.9
0.8999999999999999
200.9
10.9
0.30000000000000004
0.8999999999999999
20.9
210.9
40.9
0.4
0.8999999999999999
50.9
110.9
0.8999999999999999
0.20000000000000004
0.8999999999999999
10.9
0.8999999999999999
120.9
0.0
70.9
0.8999999999999999
100.9
50.9
0.20000000000000004
30.9
20.9
10.9
30.9
0.0
0.8999999999999999
70.9
20.9
10.9
0.0
0.8999999999999999
10.9
0.8999999999999999
300.9
-0.1
0.8999999999999999
20.9
20.9
30.9
0.20000000000000004
0.8999999999999999
30.9
130.9
30.9
0.0
0.8999999999999999
70.9
140.9
-0.1
0.1
80.9
-0.1
0.8999999999999999
40.9
-0.1
0.8999999999999999
0.8999999999999999
0.8999999999999999
10.9
0.0
0.8999999999999999
190.9
0.8999999999999999
0.8999999999999999
0.0
10.9
10.9
10.9
50.9
-0.1
0.8999999999999999
50.9
40.9
10.9
0.0
40.9
200.9
30.9
0.8999999999999999
-0.1
0.8999999999999999
0.8999999999999999
0.8999999999999999
10.9
0.0
80.9
10.9
50.9
40.9
0.20000000000000004
160.9
140.9
260.9
150.9
0.1
40.9
10.9
-0.1
30.9
0.1
0.8999999999999999
140.9
0.8999999999999999
170.9
0.20000000000000004
0.8999999999999999
260.9
10.9
0.8999999999999999
0.0
70.9
0.8999999999999999
0.8999999999999999
80.9
-0.1
0.8999999999999999
20.9
0.8999999999999999
10.9
0.6
240.9
30.9
70.9
10.9
0.8999999999999999
0.8999999999999999
0.8999999999999999
0.8999999999999999
120.9
-0.10000000000000009
-0.1
150.9
90.9
0.8999999999999999
0.20000000000000004
50.9
20.9
0.8999999999999999
30.9
0.5
20.9
260.9
10.9
140.9
0.5
0.8999999999999999
0.8999999999999999
30.9
120.9
0.20000000000000004
0.8999999999999999
0.8999999999999999
0.8999999999999999
320.9
-0.1
40.9
0.8999999999999999
50.9
0.8999999999999999
0.0
0.8999999999999999
80.9
0.8999999999999999
60.9
0.20000000000000004
30.9
140.9
230.9
340.9
0.0
170.9
10.9
80.9
30.9
0.0
10.9
0.8999999999999999
-0.1
0.8999999999999999
0.30000000000000004
0.8999999999999999
-0.1
0.8999999999999999
90.9
-0.1
30.9
130.9
30.9
210.9
0.1
20.9
150.9
0.8999999999999999
0.8999999999999999
0.5
100.9
20.9
0.8999999999999999
10.9
0.20000000000000004
341.9
0.8999999999999999
0.8999999999999999
40.9
-0.1
0.8999999999999999
0.8999999999999999
230.9
30.9
0.0
20.9
130.9
0.8999999999999999
0.8999999999999999
0.30000000000000004
0.8999999999999999
150.9
50.9
60.9
0.20000000000000004
50.9
0.8999999999999999
130.9
50.9
0.6
0.8999999999999999
0.8999999999999999
60.9
50.9
0.5
230.9
120.9
0.8999999999999999
0.8999999999999999
0.30000000000000004
0.8999999999999999
40.9
20.9
0.8999999999999999
0.1
0.8999999999999999
60.9
10.9
0.8999999999999999
0.5
10.9
0.8999999999999999
40.9
280.9
-0.1
10.9
180.9
0.8999999999999999
110.9
-0.1
60.9
0.8999999999999999
0.8999999999999999
10.9
0.20000000000000004
130.9
80.9
210.9
10.9
0.5
190.9
0.8999999999999999
0.8999999999999999
0.8999999999999999
0.20000000000000004
40.9
0.8999999999999999
-0.1
0.8999999999999999
0.0
339.9
0.8999999999999999
40.9
80.9
0.5
0.8999999999999999
0.8999999999999999
-0.1
0.8999999999999999
0.20000000000000004
0.8999999999999999
120.9
-0.1
80.9
0.20000000000000004
0.8999999999999999
0.8999999999999999
140.9
120.9
0.0
30.9
10.9
60.9
250.9
0.1
10.9
0.8999999999999999
50.9
60.9
0.20000000000000004
320.9
30.9
30.9
230.9
0.20000000000000004
40.9
0.8999999999999999
30.9
170.9
0.20000000000000004
10.9
0.8999999999999999
10.9
20.9
-0.1
90.9
250.9
-0.1
10.9
-0.1
0.8999999999999999
180.9
190.9
0.8999999999999999
0.0
0.8999999999999999
0.8999999999999999
10.9
40.9
0.0
0.8999999999999999
80.9
80.9
0.8999999999999999
-0.1
150.9
140.9
60.9
0.8999999999999999
0.5
0.8999999999999999
150.9
70.9
0.8999999999999999
-0.1
50.9
20.9
0.8999999999999999
90.9
0.30000000000000004
0.8999999999999999
0.8999999999999999
-0.1
0.8999999999999999
0.5
110.9
10.9
50.9
10.9
3.8
340.9
0.8999999999999999
10.9
40.9
0.0
180.9
0.8999999999999999
20.9
0.8999999999999999
0.0
290.9
30.9
-0.1
70.9
-0.1
170.9
0.8999999999999999
140.9
0.8999999999999999
0.0
0.8999999999999999
190.9
0.8999999999999999
10.9
-0.10000000000000009
50.9
40.9
20.9
-0.1
0.20000000000000004
10.9
60.9
0.8999999999999999
342.9
-0.1
60.9
200.9
190.9
10.9
0.30000000000000004
160.9
20.9
342.9
0.8999999999999999
0.4
10.9
10.9
0.8999999999999999
10.9
-0.1
340.9
10.9
190.9
0.8999999999999999
0.30000000000000004
10.9
0.8999999999999999
60.9
-0.1
0.0
190.9
0.8999999999999999
-0.1
220.9
-0.1
0.8999999999999999
-0.1
20.9
30.9
-0.1
10.9
0.8999999999999999
130.9
20.9
0.0
-0.1
310.9
30.9
0.8999999999999999
-0.1
0.8999999999999999
220.9
100.9
80.9
0.0
0.8999999999999999
190.9
170.9
170.9
-0.1
0.8999999999999999
20.9
40.9
0.8999999999999999
0.0
0.8999999999999999
60.9
170.9
80.9
0.20000000000000004
20.9
341.9
60.9
-0.1
