0
2
1
1
1
0
0
3
0
3
1
9
7
4
1
2
6
5
5
17
2
18
2
6
7
2
10
11
38
29
8
104
26
25
39
4
48
11
81
185
12
11
43
4
42
2
10
11
20
14
1
10
8
24
10
3
1
17
5
4
1
4
6
7
5
4
9
2
4
3
2
1
1
6
1
1
2
3
6
3
6
2
1
8
10
4
11
9
3
1
2
13
11
8
4
2
9
2
0
24
0
3
5
1
9
5
1
3
7
3
1
5
10
0
1
1
5
4
5
3
1
0
1
1
2
2
1
10
4
5
1
10
2
5
10
3
7
4
2
6
5
2
16
1
1
2
2
10
10
18
1
1
7
6
10
1
16
33
8
8
2
1
2
5
5
3
1
10
6
15
1
1
18
30
11
2
1
2
12
43
1
7
1
7
6
4
1
3
9
2
1
5
7
2
5
1
1
2
7
0
2
5
1
7
5
4
2
3
4
7
3
7
6
0
1
1
0
9
2
10
5
4
12
13
11
1
2
22
10
14
3
1
13
0
2
1
1
5
1
11
7
1
6
8
8
1
9
6
9
2
1
5
16
10
4
1
2
14
12
1
5
8
8
2
3
3
11
4
31
6
1
15
2
5
3
4
7
3
8
12
3
7
6
7
15
14
7
15
4
6
2
8
9
19
5
1
1
41
13
32
1
13
62
113
6
2
253
1
21
10
3
10
71
11
98
2
11
71
11
240
3
81
11
198
11
3
131
41
11
31
5
91
11
11
159
5
11
11
71
61
6
31
11
171
30
1
141
11
31
11
8
111
61
71
121
2
11
101
11
11
1
10
11
331
71
6
11
11
151
141
5
41
11
41
363
1
91
101
11
91
1
91
11
11
11
1
31
61
61
101
1
251
251
81
21
6
11
51
81
31
2
11
21
21
11
7
361
11
11
71
2
11
111
61
11
7
11
71
211
51
2
31
11
11
131
3
251
41
21
81
2
81
41
31
11
1
21
11
11
11
1
121
31
121
81
10
41
11
11
21
1
170
81
11
11
1
11
11
31
51
5
91
51
21
21
4
11
11
51
101
1
61
21
11
21
10
11
41
61
61
1
11
41
11
11
1
31
11
41
11
3
11
11
11
121
24
101
11
31
11
3
41
11
41
51
4
31
111
71
11
10
11
121
41
110
5
51
11
11
11
1
130
31
91
151
1
119
21
61
11
7
11
41
51
11
17
58
21
11
41
2
11
60
121
19
14
8
11
11
116
7
115
170
10
50
1
11
11
11
61
1
152
11
138
62
7
3
7
9
26
0
1
0
6
0
1
1
3
1
0
2
0
2
0
3
0
2
4
2
5
5
4
1
3
1
0
3
1
2
0
1
1
2
8
0
0
1
0
0
0
0
1
3
1
0
1
3
0
0
1
0
2
1
4
3
1
0
5
2
1
4
1
4
1
3
0
2
1
2
12
0
9
1
1
5
1
8
1
10
11
0
6
5
1
4
3
6
9
3
4
2
15
17
2
10
1
11
6
1
0
4
2
4
5
1
1
4
2
1
2
3
6
10
1
11
2
6
6
6
6
2
9
3
2
6
2
4
3
1
10
2
3
5
7
4
5
13
2
12
4
2
7
3
2
3
2
2
4
2
12
1
0
6
1
3
2
2
1
14
5
0
3
1
11
4
1
2
7
4
3
3
4
1
5
9
5
3
1
4
4
1
11
3
1
1
2
2
4
4
2
2
5
2
5
5
0
4
2
1
3
1
4
1
11
3
3
3
11
3
22
5
1
7
7
12
1
2
9
7
18
3
2
13
11
25
3
8
27
10
9
3
1
5
11
3
1
9
14
2
2
2
7
1
5
2
1
3
5
11
10
3
4
1
3
7
1
9
10
10
1
11
3
16
3
9
2
2
3
20
5
2
3
5
11
13
1
30
22
10
13
3
25
15
2
25
1
62
7
34
13
3
4
7
10
7
1
32
4
11
56
10
11
49
9
11
5
21
127
1
236
1
39
11
98
39
7
11
5
11
50
2
41
230
190
11
3
41
11
51
21
8
11
39
11
89
7
81
61
131
21
3
299
101
207
31
3
91
120
11
90
2
11
51
11
11
2
11
11
88
51
5
11
10
41
35
9
70
41
10
11
1
61
133
25
2
2
49
9
96
51
1
71
11
180
89
1
61
60
21
21
1
61
21
31
20
1
61
21
11
11
1
11
38
1
11
4
110
42
158
21
2
10
291
58
10
9
21
41
11
11
4
16
21
31
201
1
11
41
11
31
2
21
9
11
254
7
11
50
11
11
7
31
70
11
11
1
10
31
30
78
1
20
50
40
11
5
233
138
51
21
4
11
41
76
81
1
29
80
9
116
1
41
38
195
108
1
40
71
118
11
1
31
11
41
207
14
31
21
51
11
2
80
61
21
91
4
21
11
11
121
8
230
71
111
11
1
41
91
11
11
6
21
101
210
31
2
61
201
81
11
2
140
51
11
11
1
41
11
61
11
4
61
11
181
81
5
11
181
51
131
1
20
31
81
31
7
21
11
51
21
6
11
41
121
61
4
11
41
11
111
1
41
11
11
11
6
11
151
11
61
9
71
11
10
11
2
101
61
11
61
2
110
21
11
261
1
11
71
11
31
4
11
81
11
11
1
11
11
110
61
5
191
290
120
121
1
49
11
11
11
4
109
81
71
11
7
91
41
150
60
1
70
238
11
11
4
41
21
291
11
1
9
21
61
11
1
11
41
61
11
1
121
11
11
161
6
21
11
101
121
2
51
11
9
31
6
31
80
161
11
5
51
51
11
220
2
41
131
11
11
8
21
148
21
21
1
11
91
90
140
1
11
51
101
121
4
11
101
120
70
2
100
11
11
11
4
51
108
11
101
9
99
81
119
21
10
80
30
288
11
1
130
39
56
1
3
40
79
61
60
4
10
21
81
60
2
11
61
111
235
13
100
11
31
31
2
121
11
11
160
5
89
11
11
101
3
27
49
11
189
6
48
31
21
81
1
10
60
139
111
3
11
41
51
11
1
90
10
206
9
5
11
11
21
91
2
50
21
21
148
5
51
11
41
21
1
41
41
59
11
1
85
3
11
110
5
11
109
11
90
13
60
50
80
25
1
1
9
141
106
5
68
11
11
11
6
50
40
41
11
1
80
11
97
130
5
11
11
21
110
2
8
11
11
96
1
40
11
10
21
9
20
129
10
11
6
11
21
127
17
1
11
147
10
41
1
21
175
20
10
7
108
31
31
21
5
11
191
11
11
6
10
61
101
21
3
91
41
21
11
2
41
31
11
11
4
79
41
81
260
5
51
31
170
171
3
11
11
151
11
2
51
321
31
240
1
11
11
11
31
1
81
11
41
41
5
161
11
81
101
2
11
61
141
21
4
21
141
70
11
5
61
161
21
31
3
141
21
19
61
16
1
61
141
11
1
31
201
161
11
4
11
51
71
101
1
21
51
11
11
4
11
11
11
31
3
271
191
61
21
6
41
21
161
21
1
71
11
11
11
1
41
41
11
31
5
21
21
11
21
1
81
141
11
11
1
11
71
11
131
1
131
51
31
131
3
81
11
61
11
2
111
11
61
61
5
61
11
11
91
2
61
51
101
11
5
11
31
179
61
4
71
31
241
11
3
61
51
11
241
2
51
91
121
31
2
41
31
51
11
2
121
31
21
71
5
41
91
11
49
1
241
41
111
91
4
11
11
41
11
4
11
51
11
121
1
11
221
141
111
1
101
11
11
11
1
21
81
11
81
7
11
31
31
61
1
31
231
51
99
1
11
11
91
51
3
11
81
71
121
1
31
11
91
151
4
81
101
121
11
4
11
11
11
11
4
11
11
11
51
1
11
11
11
51
4
121
71
101
71
10
31
11
11
11
1
21
91
101
21
16
131
11
121
31
1
101
11
21
11
3
251
11
31
11
4
161
171
11
11
4
171
21
21
11
1
11
101
71
51
2
31
11
11
21
1
41
31
61
11
2
51
131
11
11
1
51
161
11
151
3
231
61
11
11
1
41
11
51
11
4
151
21
31
61
1
11
31
241
11
4
11
11
151
181
13
149
261
11
11
2
61
71
11
11
2
11
41
31
141
2
31
71
21
131
1
21
11
11
11
4
11
121
91
11
3
91
11
41
11
2
351
131
111
151
4
71
11
61
61
2
61
11
11
151
2
51
11
21
11
1
61
61
31
51
4
11
21
11
11
1
31
11
41
41
20
241
11
11
11
1
121
71
11
131
4
11
21
131
11
6
11
171
21
11
3
161
11
51
61
1
41
31
21
11
5
141
11
81
370
1
51
91
161
101
7
51
1
11
11
1
11
131
41
11
4
111
101
21
51
12
71
101
11
11
4
191
41
31
21
1
141
101
101
91
14
41
141
81
71
5
141
11
21
81
4
31
11
1
11
1
21
51
11
11
4
101
11
21
11
1
151
111
61
11
1
221
11
11
11
1
1
161
11
11
1
11
171
171
41
1
91
61
1
1
2
111
11
101
81
5
11
121
61
11
1
191
91
11
51
2
31
11
181
21
2
31
91
1
191
2
41
11
111
51
6
131
11
121
41
2
71
21
91
41
11
181
31
1
61
2
71
121
11
51
9
61
31
11
11
8
11
61
11
121
4
91
41
61
21
7
111
31
121
11
2
51
41
191
101
5
11
11
241
21
1
231
11
31
11
1
11
1
91
101
10
11
11
31
11
5
41
11
21
11
2
11
91
121
361
4
61
61
101
31
1
21
91
11
81
6
171
61
11
31
6
11
61
31
61
5
1
21
31
101
9
281
11
11
11
1
21
171
11
31
2
241
11
11
51
10
71
51
11
41
1
61
11
171
1
6
11
81
11
21
4
141
11
61
91
5
21
11
61
1
1
11
91
1
11
5
161
21
21
21
1
51
21
11
361
8
101
61
11
11
1
41
21
151
11
9
31
121
1
41
2
21
1
41
321
6
51
61
221
131
2
71
21
31
71
5
11
51
11
261
1
31
11
111
11
17
111
11
51
21
1
11
121
71
11
1
21
1
101
81
4
51
11
131
131
1
41
11
51
51
4
41
91
41
11
4
71
11
11
171
3
11
111
31
91
2
131
141
1
81
1
11
1
81
141
2
11
11
41
81
5
31
21
31
21
1
141
61
1
11
7
11
131
11
81
1
71
11
71
1
1
171
11
21
231
5
11
71
11
11
2
11
31
41
131
2
191
101
11
11
4
121
51
71
21
4
11
11
61
51
3
141
111
11
81
4
11
11
101
11
5
1
361
11
181
2
11
101
81
21
1
11
11
211
131
5
31
11
41
131
8
31
11
91
11
7
11
61
71
41
5
311
31
181
111
1
11
171
11
41
11
11
11
151
71
3
11
31
91
51
8
41
11
101
61
1
11
11
51
11
1
11
11
311
11
4
61
11
21
251
2
11
11
51
61
4
51
101
161
101
7
241
61
81
11
8
71
11
11
11
6
61
51
51
11
1
11
11
51
131
1
61
61
11
31
3
61
21
101
121
8
71
11
111
21
11
11
11
11
11
7
51
1
41
11
5
41
31
31
101
2
11
11
21
1
5
11
11
61
11
8
11
21
141
81
3
11
11
11
21
5
61
11
41
31
2
11
11
31
11
3
31
11
101
21
2
51
11
211
11
1
101
1
11
31
3
31
11
231
131
1
101
61
101
11
1
41
141
151
51
2
11
1
101
31
4
11
361
11
111
1
101
31
41
11
1
251
11
181
81
4
281
1
21
171
5
11
31
11
21
2
11
141
11
11
1
11
61
11
21
2
121
11
11
71
9
41
21
21
1
5
51
11
11
81
1
31
171
11
51
6
11
181
11
41
15
11
231
11
21
1
11
11
31
11
1
11
1
81
11
2
31
121
11
91
2
91
1
21
11
1
1
51
11
251
19
11
111
61
81
3
31
131
11
11
4
101
81
231
181
3
91
111
31
41
1
11
131
11
11
1
11
181
11
191
2
11
211
1
11
4
1
11
11
31
7
101
41
81
11
7
91
71
1
31
7
71
71
1
11
1
11
21
11
31
1
81
21
1
11
5
11
251
11
21
1
111
11
11
11
6
61
11
11
91
1
11
21
1
1
1
11
91
11
31
1
51
61
21
91
1
11
251
11
61
1
261
21
101
11
8
21
71
21
91
1
101
61
81
51
4
21
41
11
11
3
11
31
11
21
1
181
111
21
81
13
171
121
31
121
1
360
121
51
11
5
11
11
161
11
2
51
131
11
11
2
41
61
11
31
4
71
21
11
111
7
301
151
31
11
7
341
31
11
11
4
141
11
131
11
5
51
61
61
71
6
31
21
11
11
11
51
11
121
61
3
11
111
221
11
2
21
11
51
91
5
31
141
11
21
1
61
11
11
1
4
11
11
11
1
4
181
11
21
121
10
51
11
131
11
11
11
321
171
11
2
61
141
11
81
2
91
11
61
11
5
91
171
171
41
2
41
51
81
1
1
31
21
231
161
5
11
11
261
31
2
11
91
71
51
2
21
81
71
21
4
141
51
111
51
2
61
41
21
11
5
71
111
91
1
1
41
11
11
101
1
51
11
91
11
1
11
21
221
31
5
181
11
101
51
2
11
231
131
71
5
21
11
81
11
5
81
11
11
11
3
61
21
41
31
2
21
11
141
1
8
21
31
41
51
1
11
21
11
81
8
31
91
41
11
1
171
11
91
11
4
11
31
21
11
4
211
71
21
151
10
91
171
71
101
9
121
11
171
31
1
11
151
11
11
4
31
11
11
11
2
41
351
11
11
7
61
51
11
21
23
11
11
1
21
1
21
11
11
1
1
251
11
251
11
7
161
71
11
51
1
201
41
61
41
6
201
31
11
21
1
51
31
51
11
1
11
31
11
61
9
11
141
358
291
2
11
111
11
171
5
81
11
31
41
2
11
261
11
31
3
11
31
61
51
5
91
111
31
211
3
41
71
11
111
1
31
11
111
171
4
51
11
141
121
1
11
121
21
11
10
11
201
11
31
1
11
221
81
81
5
21
21
271
11
6
141
11
41
11
1
11
51
141
101
7
11
11
11
11
1
71
161
11
41
4
151
11
11
11
4
101
11
141
21
9
201
21
71
11
8
21
11
71
21
5
21
51
61
11
4
11
41
91
221
10
11
11
1
11
1
191
281
171
355
2
11
11
21
151
2
11
81
31
261
1
11
1
11
71
4
51
11
61
11
1
71
21
151
121
10
111
41
171
91
1
11
1
91
91
5
11
1
71
111
2
71
31
11
71
4
31
31
91
31
1
91
81
331
51
1
31
41
61
141
8
61
161
71
41
15
41
101
1
21
3
41
11
11
111
3
51
1
11
41
2
21
161
111
21
2
211
191
11
1
2
11
41
41
31
4
91
11
31
41
7
11
11
1
31
6
11
11
101
141
2
71
51
41
11
1
111
61
11
21
13
31
161
11
131
1
11
71
11
141
6
81
31
31
81
1
11
221
11
11
4
21
11
71
111
5
1
91
71
131
1
354
11
11
11
1
191
11
81
11
5
11
51
211
121
1
61
51
11
141
2
11
201
11
21
1
41
21
41
11
1
11
61
21
11
7
61
11
41
11
1
11
11
151
31
4
11
11
241
151
2
21
11
201
161
2
11
281
11
11
6
11
11
31
11
1
41
131
11
21
2
11
1
31
51
10
11
91
11
11
4
11
41
71
21
8
151
1
221
21
7
41
2
1
21
2
111
11
11
181
5
21
41
11
11
1
11
21
11
21
7
1
11
291
11
1
41
11
81
31
1
71
11
71
61
2
11
11
191
71
2
41
11
101
356
5
11
81
141
1
3
11
91
161
41
6
151
11
121
11
4
131
11
11
11
2
1
101
21
41
5
161
21
91
71
5
11
11
1
11
1
121
11
11
101
10
101
31
31
41
1
101
11
71
241
4
171
11
21
101
4
111
71
101
311
3
51
21
21
201
2
61
11
51
61
3
11
11
11
11
9
181
11
11
71
2
11
11
21
31
1
301
171
181
31
15
11
11
11
1
13
81
11
111
21
8
41
1
41
11
2
21
11
11
91
7
201
11
41
51
2
11
91
11
31
1
51
41
121
1
10
81
81
11
11
5
121
11
31
61
1
101
71
11
121
17
11
221
11
41
8
101
91
151
21
7
61
11
141
91
1
61
91
11
11
6
121
21
21
11
5
21
121
11
51
1
101
11
11
61
1
61
71
51
21
1
51
61
41
51
10
61
11
141
11
1
11
91
11
11
1
41
11
101
11
2
21
11
21
11
5
31
51
121
121
1
141
1
101
31
5
241
241
321
11
6
11
271
31
181
2
11
11
161
1
1
11
181
51
261
1
11
11
71
41
8
11
81
91
31
2
171
11
61
131
4
51
81
81
41
4
61
11
71
11
5
81
61
81
21
2
1
11
191
1
1
51
31
71
1
4
11
31
151
21
3
51
171
1
11
3
261
31
11
171
5
11
61
11
11
2
21
1
1
181
4
91
11
41
51
11
11
11
11
111
5
131
61
21
251
2
111
71
11
131
4
221
41
21
71
4
41
11
91
51
1
11
171
81
81
4
311
151
11
11
1
51
11
11
81
8
101
11
11
121
4
1
31
21
11
6
91
11
31
51
2
11
161
11
11
1
221
31
91
11
2
151
11
11
11
2
91
61
11
111
1
11
11
11
21
1
51
101
11
11
1
11
41
11
11
2
71
161
21
11
16
101
141
111
21
1
11
101
91
11
4
171
1
21
191
1
21
41
81
111
3
51
131
21
11
1
11
151
41
31
3
71
261
101
201
1
111
111
141
111
3
61
151
11
141
15
281
61
61
21
1
41
1
81
21
3
111
161
81
11
4
301
251
11
31
5
41
11
11
11
3
11
41
11
91
3
21
11
41
101
2
91
141
81
31
1
11
141
1
11
2
1
71
11
101
5
161
31
11
11
2
11
31
41
81
2
351
31
161
71
2
11
31
11
241
2
41
141
11
11
4
91
11
51
101
1
81
111
11
41
5
81
81
11
11
9
11
11
11
1
2
91
11
231
151
2
21
1
61
11
10
61
1
351
11
1
31
11
11
11
5
151
11
11
91
8
161
11
141
111
2
11
71
221
11
2
31
1
151
121
4
211
11
11
11
1
51
291
71
11
3
181
91
1
31
2
11
61
151
21
10
61
111
111
31
1
71
181
11
31
6
11
81
21
161
2
41
151
1
21
5
41
11
11
81
2
11
81
11
131
2
71
11
201
21
9
51
161
11
21
11
11
351
271
151
12
101
11
61
71
5
81
71
21
31
4
181
61
61
11
2
81
11
21
151
4
11
111
31
11
1
71
11
11
71
5
51
11
131
11
4
101
11
61
61
1
21
351
11
11
18
31
71
51
241
2
11
41
71
21
1
11
1
271
91
7
21
11
351
111
8
1
61
11
11
4
271
81
31
11
1
101
11
131
1
1
1
11
41
11
5
11
71
1
11
1
31
71
11
11
5
171
21
11
111
4
21
11
181
61
2
191
351
11
151
5
11
51
11
41
5
61
61
111
51
5
1
181
11
1
2
61
201
321
1
10
21
11
191
11
1
71
41
1
41
2
91
11
31
31
2
41
91
181
1
3
191
31
111
191
7
11
111
191
11
17
11
61
121
11
2
21
151
31
11
5
41
11
61
141
2
11
121
21
11
1
51
81
51
1
1
71
321
1
231
3
11
21
81
291
1
81
111
11
21
2
1
81
11
11
1
11
41
351
11
3
51
11
71
291
1
131
21
11
61
1
101
351
11
1
8
11
11
41
21
2
11
11
51
11
2
41
41
11
171
4
31
11
81
171
4
41
41
11
11
8
81
41
61
61
1
51
11
31
201
7
11
11
61
11
4
81
21
11
41
1
121
1
351
31
3
31
311
191
41
1
11
21
21
11
20
21
21
111
81
1
11
11
61
81
1
31
61
11
11
1
221
51
1
11
4
301
21
41
11
5
51
1
51
51
1
81
41
11
11
4
101
71
171
11
5
11
331
101
11
5
61
91
11
31
8
11
51
1
41
1
1
81
11
221
2
191
11
31
21
1
11
11
101
11
3
11
1
11
11
1
171
81
111
11
7
171
191
11
61
4
61
121
11
11
1
11
101
231
61
5
41
161
1
11
4
131
11
11
31
1
11
171
11
121
3
71
41
51
41
7
11
101
351
211
7
11
11
71
11
3
51
11
11
351
8
11
11
1
21
3
171
11
11
111
4
1
121
121
21
4
21
11
211
21
5
11
31
221
51
7
11
61
121
11
4
11
21
11
131
2
81
11
111
61
4
41
31
21
41
2
11
81
31
21
2
11
21
11
311
1
11
31
31
41
4
11
41
141
41
2
11
81
151
1
3
91
1
11
51
1
11
11
11
21
2
11
201
11
11
2
21
21
21
61
1
11
61
51
21
2
51
211
41
11
1
11
11
11
21
2
91
21
61
51
4
171
151
271
161
3
51
21
1
41
3
11
151
11
181
4
11
271
21
11
2
81
11
11
91
1
11
31
11
21
8
251
41
81
21
11
11
11
11
131
10
1
161
101
11
4
61
31
11
41
7
31
271
21
151
7
11
11
41
131
4
11
11
11
331
1
51
11
61
11
2
11
91
11
71
4
41
151
241
349
2
181
21
91
41
2
21
11
1
11
5
11
1
11
101
1
41
141
41
221
3
31
161
11
11
7
111
31
11
21
4
350
11
11
51
1
11
11
241
41
2
31
141
11
11
5
11
161
61
71
4
61
11
141
61
8
11
11
71
61
9
241
131
11
11
5
11
51
31
11
3
11
71
21
11
7
21
11
51
291
1
21
191
11
121
1
71
11
11
21
4
141
91
221
21
8
201
11
11
11
4
51
11
1
11
2
348
11
51
91
7
11
11
1
11
4
11
131
1
91
4
11
11
151
131
2
41
21
71
261
3
21
11
61
71
4
331
41
41
241
4
51
11
41
181
4
21
11
21
31
1
101
261
1
21
1
11
191
201
11
2
11
11
21
51
2
11
91
91
11
1
161
151
71
11
7
11
161
81
11
1
61
31
11
101
5
11
11
1
11
9
121
21
61
21
14
349
11
21
51
2
191
11
31
11
2
301
41
1
81
1
181
11
151
11
2
11
201
11
21
10
61
51
31
1
4
21
71
11
351
1
71
211
201
21
5
171
31
351
11
6
21
21
11
21
1
349
21
201
11
5
21
11
71
1
2
201
11
1
231
1
11
1
31
41
1
21
11
141
31
2
1
321
41
11
1
11
231
111
91
2
11
201
181
181
1
11
31
51
11
2
11
71
181
91
4
31
350
71
1
