timestamp: 2022-12-24-00-30-00
state dimension: 67
action dimension: 5
Maximum training episode for master agent: 1000.0
Maximum training episode for slave agent: 10
Loss calculation method: TD
Gradirnt accumulatoin: False
GAMMA: 0.9
LAMBDA: 0.95
Learning rate: 1e-05
============================================================
1st onvolution network:
Conv2d(4, 32, kernel_size=(3, 3), stride=(1, 1), padding=(1, 1))
1st onvolution network state dict:
OrderedDict([('weight', tensor([[[[ 1.6470e-01, -9.0523e-02,  7.8694e-02],
          [ 7.8826e-02, -5.6442e-02,  4.0075e-03],
          [ 6.8743e-02, -2.7482e-02,  8.5305e-02]],

         [[-1.1655e-01, -1.8316e-02,  1.3485e-01],
          [-4.7349e-03,  5.4959e-02, -1.5767e-01],
          [-7.5623e-02, -3.7757e-02,  1.6197e-01]],

         [[-1.1032e-01, -1.0837e-01, -6.5447e-02],
          [-4.7875e-03, -8.5151e-02, -1.5047e-01],
          [-6.0244e-02, -1.9633e-02, -7.2292e-02]],

         [[ 1.6650e-01,  4.6186e-02,  2.0970e-02],
          [ 5.2934e-02,  8.0031e-02, -4.3834e-02],
          [-1.3064e-01, -2.7553e-02,  1.0454e-01]]],


        [[[ 5.4551e-02,  1.0225e-01,  1.4659e-01],
          [ 4.5337e-02, -1.3778e-02,  4.2840e-02],
          [-9.3435e-02, -1.7887e-02, -7.6933e-02]],

         [[-7.7085e-02,  1.2160e-01,  1.0330e-01],
          [-1.1836e-01, -1.3925e-01, -2.7178e-02],
          [-1.5450e-01,  1.1221e-01,  2.9023e-02]],

         [[-8.2740e-02, -2.4161e-03,  1.3706e-01],
          [ 4.6341e-02,  9.9492e-02,  1.4310e-01],
          [-1.0730e-01, -2.6263e-02, -1.6174e-01]],

         [[ 1.1853e-01,  1.6331e-01, -1.4775e-01],
          [ 3.8501e-02, -6.9183e-02,  1.5801e-01],
          [ 1.5817e-01, -2.9459e-02, -5.2200e-02]]],


        [[[-3.9210e-02, -5.1198e-02,  5.1402e-02],
          [ 1.3392e-01, -1.3542e-02, -1.6553e-01],
          [-9.0888e-02,  8.0307e-02, -1.3977e-01]],

         [[ 1.5512e-01, -9.9984e-02, -1.0263e-02],
          [ 3.3450e-02, -8.3651e-02,  1.0485e-01],
          [-2.0534e-02, -6.4078e-02, -6.8595e-02]],

         [[-1.3330e-01, -6.3542e-02, -4.9017e-02],
          [ 1.4237e-01,  1.0571e-01, -6.3520e-02],
          [ 1.3398e-02, -1.3708e-01, -1.8849e-03]],

         [[ 7.9209e-02, -8.1148e-02, -1.0204e-01],
          [ 2.5744e-02, -9.5541e-02, -1.4198e-01],
          [-7.6058e-02,  1.3311e-02,  2.8225e-02]]],


        ...,


        [[[-1.3073e-01,  2.1531e-02, -9.9794e-02],
          [ 7.0520e-02,  4.2565e-02, -7.9059e-02],
          [-4.1834e-02,  3.3026e-02,  1.3449e-01]],

         [[ 1.7727e-02,  8.1617e-02,  2.2312e-02],
          [-5.6655e-02,  7.1472e-02, -1.0351e-01],
          [-1.5532e-03,  1.3547e-01, -5.4368e-03]],

         [[-8.7854e-03,  1.6437e-01,  1.5060e-01],
          [-1.2081e-01,  9.2443e-02, -1.1615e-01],
          [-1.3375e-01, -1.0529e-02,  1.5357e-02]],

         [[-1.6138e-02,  1.0351e-01, -3.5696e-02],
          [ 8.8929e-02,  1.5394e-01, -5.5767e-02],
          [ 3.9464e-02,  1.6261e-01, -1.0842e-01]]],


        [[[-1.1592e-04, -8.0345e-02, -9.9038e-02],
          [ 6.0300e-02, -6.0857e-02, -4.9985e-02],
          [-5.5478e-02,  1.0384e-01,  1.5344e-01]],

         [[ 6.7203e-02, -7.8035e-02, -4.3697e-02],
          [ 1.3993e-01,  3.4803e-02,  1.2598e-01],
          [ 8.9221e-02,  1.4940e-01,  1.0881e-01]],

         [[ 8.9364e-03, -5.8167e-02, -4.5938e-02],
          [ 8.1371e-02,  5.2394e-02, -1.1154e-02],
          [-1.2156e-01, -7.7226e-02,  8.1404e-02]],

         [[-1.4246e-01,  5.5556e-03,  9.9936e-03],
          [-1.5771e-01, -1.3675e-01,  8.3860e-02],
          [ 4.5788e-02, -8.3381e-02, -7.9092e-02]]],


        [[[-1.2997e-01,  9.9964e-04,  3.5486e-02],
          [-4.8296e-02,  1.0789e-01, -6.2694e-02],
          [-7.2310e-02,  2.0736e-02,  8.3565e-02]],

         [[-4.9798e-02,  1.2989e-01, -1.0140e-02],
          [-9.0348e-02, -1.3416e-02, -4.4720e-02],
          [-5.9734e-03, -1.6429e-01,  4.4562e-02]],

         [[-1.3268e-01, -9.5604e-02,  1.0528e-01],
          [ 6.8108e-02,  4.5270e-02,  1.5557e-01],
          [ 1.0073e-01, -9.1842e-02,  6.0336e-02]],

         [[ 2.9765e-04,  1.1585e-01,  2.6202e-02],
          [-1.3724e-01,  3.9748e-02, -6.6902e-02],
          [-3.4904e-03, -1.2915e-01,  4.3211e-02]]]])), ('bias', tensor([-0.0431,  0.1536,  0.0337, -0.1091, -0.0612, -0.0621, -0.0383,  0.0612,
        -0.0284,  0.0905, -0.1380,  0.1411,  0.0465, -0.1199,  0.0286,  0.1447,
        -0.1551,  0.1072, -0.0827,  0.0930,  0.1628, -0.0062,  0.1512, -0.0954,
         0.0404,  0.1664, -0.0024,  0.0958, -0.0126,  0.0608, -0.0915,  0.0253]))])

-----
2st onvolution network:
Conv2d(32, 32, kernel_size=(3, 3), stride=(1, 1), padding=(1, 1))
2st onvolution network state dict:
OrderedDict([('weight', tensor([[[[ 0.0579, -0.0022,  0.0344],
          [-0.0079,  0.0526,  0.0377],
          [ 0.0308, -0.0504,  0.0150]],

         [[ 0.0524,  0.0037, -0.0283],
          [-0.0091, -0.0246, -0.0118],
          [-0.0311, -0.0322, -0.0551]],

         [[-0.0072,  0.0303,  0.0389],
          [ 0.0444, -0.0287,  0.0514],
          [ 0.0254,  0.0031,  0.0412]],

         ...,

         [[ 0.0285,  0.0087,  0.0313],
          [ 0.0212, -0.0562, -0.0294],
          [ 0.0095, -0.0272,  0.0299]],

         [[-0.0197, -0.0353, -0.0235],
          [ 0.0567,  0.0450,  0.0322],
          [-0.0536, -0.0413, -0.0258]],

         [[-0.0586,  0.0427,  0.0256],
          [ 0.0352,  0.0190,  0.0004],
          [ 0.0140,  0.0038,  0.0240]]],


        [[[-0.0383,  0.0319,  0.0564],
          [-0.0377,  0.0258, -0.0065],
          [-0.0414,  0.0007,  0.0003]],

         [[ 0.0299, -0.0004, -0.0136],
          [-0.0324,  0.0344, -0.0537],
          [ 0.0172, -0.0542, -0.0226]],

         [[-0.0455, -0.0062,  0.0292],
          [-0.0138, -0.0376, -0.0506],
          [-0.0143, -0.0019,  0.0515]],

         ...,

         [[-0.0350, -0.0354,  0.0085],
          [ 0.0482,  0.0521, -0.0043],
          [ 0.0311, -0.0475,  0.0422]],

         [[ 0.0168, -0.0525,  0.0243],
          [ 0.0545,  0.0354, -0.0442],
          [-0.0140, -0.0333, -0.0249]],

         [[ 0.0012, -0.0434,  0.0541],
          [ 0.0496, -0.0457, -0.0571],
          [ 0.0536, -0.0540, -0.0292]]],


        [[[-0.0110,  0.0018,  0.0345],
          [ 0.0184, -0.0391,  0.0215],
          [-0.0403, -0.0365, -0.0096]],

         [[-0.0581, -0.0206, -0.0076],
          [ 0.0034, -0.0340, -0.0308],
          [-0.0245, -0.0016, -0.0470]],

         [[ 0.0578,  0.0467,  0.0444],
          [-0.0338, -0.0250, -0.0248],
          [-0.0290,  0.0261,  0.0070]],

         ...,

         [[ 0.0475,  0.0383, -0.0564],
          [-0.0071,  0.0398, -0.0043],
          [ 0.0525, -0.0195, -0.0146]],

         [[ 0.0017,  0.0168,  0.0426],
          [-0.0103, -0.0576, -0.0551],
          [ 0.0314,  0.0096,  0.0416]],

         [[-0.0376,  0.0409, -0.0315],
          [ 0.0489,  0.0500,  0.0414],
          [ 0.0424, -0.0522, -0.0317]]],


        ...,


        [[[ 0.0188,  0.0361, -0.0197],
          [ 0.0448,  0.0552,  0.0538],
          [ 0.0058,  0.0422,  0.0163]],

         [[ 0.0340,  0.0210,  0.0347],
          [ 0.0022,  0.0022,  0.0325],
          [ 0.0032, -0.0579,  0.0087]],

         [[ 0.0123, -0.0008,  0.0090],
          [-0.0122,  0.0440,  0.0295],
          [-0.0488, -0.0303,  0.0270]],

         ...,

         [[ 0.0392,  0.0577, -0.0109],
          [-0.0243, -0.0166,  0.0134],
          [-0.0589,  0.0299,  0.0332]],

         [[ 0.0424, -0.0443, -0.0131],
          [-0.0520,  0.0426, -0.0031],
          [ 0.0488, -0.0239,  0.0092]],

         [[ 0.0182,  0.0221,  0.0065],
          [-0.0124, -0.0433, -0.0002],
          [-0.0402, -0.0164,  0.0476]]],


        [[[ 0.0016, -0.0543, -0.0213],
          [-0.0067,  0.0179, -0.0202],
          [ 0.0555, -0.0263, -0.0408]],

         [[-0.0010,  0.0523,  0.0139],
          [ 0.0527, -0.0544,  0.0587],
          [ 0.0198, -0.0504, -0.0497]],

         [[ 0.0194, -0.0462, -0.0087],
          [-0.0163, -0.0425,  0.0311],
          [-0.0580,  0.0421, -0.0130]],

         ...,

         [[ 0.0583, -0.0069, -0.0370],
          [-0.0084, -0.0412, -0.0285],
          [ 0.0540,  0.0379, -0.0528]],

         [[ 0.0355,  0.0275, -0.0532],
          [-0.0246, -0.0428,  0.0404],
          [ 0.0080,  0.0119, -0.0257]],

         [[ 0.0063,  0.0473, -0.0315],
          [-0.0382,  0.0144, -0.0403],
          [-0.0458,  0.0478, -0.0200]]],


        [[[ 0.0463, -0.0003, -0.0449],
          [-0.0171,  0.0381,  0.0362],
          [ 0.0369,  0.0390, -0.0352]],

         [[ 0.0081,  0.0467, -0.0295],
          [ 0.0018,  0.0185,  0.0053],
          [-0.0159,  0.0419, -0.0266]],

         [[ 0.0139, -0.0353, -0.0285],
          [ 0.0518, -0.0177, -0.0364],
          [ 0.0431,  0.0279, -0.0533]],

         ...,

         [[-0.0368,  0.0132, -0.0307],
          [-0.0172,  0.0027,  0.0462],
          [-0.0553,  0.0572, -0.0167]],

         [[ 0.0274, -0.0209,  0.0507],
          [-0.0376, -0.0072, -0.0389],
          [ 0.0341, -0.0312, -0.0526]],

         [[ 0.0093, -0.0288,  0.0088],
          [ 0.0231,  0.0228, -0.0039],
          [-0.0220,  0.0351,  0.0169]]]])), ('bias', tensor([-0.0111,  0.0465,  0.0045, -0.0130, -0.0427, -0.0399,  0.0498,  0.0101,
        -0.0241,  0.0144,  0.0457, -0.0568,  0.0123, -0.0512, -0.0271,  0.0269,
         0.0328, -0.0473,  0.0219, -0.0021,  0.0374, -0.0158, -0.0576,  0.0142,
        -0.0485, -0.0247, -0.0415, -0.0181,  0.0271, -0.0267,  0.0279, -0.0264]))])

-----
lstm network:
LSTMCell(3360, 67)
lstm network state dict:
OrderedDict([('weight_ih', tensor([[ 0.0757,  0.0215,  0.0317,  ..., -0.0326, -0.0744, -0.0868],
        [-0.0509,  0.1003,  0.0965,  ..., -0.0805, -0.0725, -0.0434],
        [-0.0521, -0.0148, -0.0475,  ...,  0.0836,  0.0471, -0.1196],
        ...,
        [ 0.0758,  0.0613, -0.0573,  ...,  0.0971, -0.1051,  0.0562],
        [ 0.0811, -0.0030, -0.0412,  ...,  0.0813, -0.1172,  0.0139],
        [ 0.0442,  0.0816,  0.1078,  ...,  0.1025,  0.0455, -0.0149]])), ('weight_hh', tensor([[-0.0581, -0.1167,  0.0793,  ..., -0.0232, -0.0371,  0.0539],
        [ 0.0460, -0.0931,  0.0504,  ...,  0.0868,  0.0076,  0.0896],
        [-0.0600,  0.0440, -0.0129,  ...,  0.0734,  0.0387, -0.0318],
        ...,
        [-0.0975, -0.0139,  0.0857,  ..., -0.0561, -0.0804, -0.0616],
        [-0.0005, -0.0509,  0.0077,  ..., -0.0617,  0.0430,  0.0987],
        [ 0.0404, -0.1127, -0.0610,  ...,  0.0972,  0.0012,  0.0404]])), ('bias_ih', tensor([ 0.0358, -0.0604,  0.0488, -0.0079,  0.0940,  0.0129, -0.0871,  0.0267,
         0.1006, -0.0094, -0.1010,  0.1095,  0.0027, -0.0956, -0.0120,  0.0325,
         0.0112, -0.0978, -0.0660, -0.0177, -0.0642,  0.0313,  0.0081,  0.0138,
        -0.0456,  0.0950, -0.0240, -0.0215,  0.1002, -0.0027,  0.0940,  0.0697,
         0.0129,  0.0296,  0.0729,  0.1002,  0.0576, -0.0485, -0.0797, -0.0045,
        -0.0971, -0.0469, -0.0755,  0.0987, -0.1112,  0.0615,  0.1120,  0.0246,
         0.0053, -0.0883,  0.0732,  0.0475,  0.0902, -0.0718, -0.0608, -0.1199,
        -0.1035,  0.0927, -0.0840, -0.0266, -0.0911,  0.0422, -0.0947, -0.0648,
        -0.0923,  0.0327, -0.0967, -0.0275,  0.1154,  0.0238,  0.1108,  0.0939,
         0.0486, -0.0958,  0.1182, -0.0309, -0.0134, -0.0096, -0.0357, -0.0438,
        -0.0344, -0.0096,  0.0885,  0.1189, -0.0800, -0.0357,  0.0543, -0.0360,
        -0.1016, -0.0951, -0.0972,  0.0033, -0.1115,  0.1184, -0.0575,  0.0596,
         0.0183,  0.1034, -0.0329,  0.0721,  0.0871,  0.1017,  0.0169, -0.0949,
        -0.0992, -0.0956, -0.0779, -0.0286,  0.0156, -0.0461, -0.0959,  0.0369,
         0.0691, -0.0968,  0.1164,  0.0770,  0.0378,  0.0054, -0.1110,  0.0441,
         0.0923, -0.0751, -0.0167,  0.0169, -0.1091,  0.0540, -0.0209, -0.0126,
        -0.0285, -0.1018,  0.1207, -0.0179,  0.0074,  0.0144,  0.1197,  0.0021,
        -0.0242,  0.0006, -0.0922,  0.0758, -0.0875, -0.1110, -0.0290, -0.0751,
        -0.0308, -0.0428, -0.0825,  0.0137, -0.0390, -0.0645,  0.0543, -0.0028,
         0.1026,  0.0770, -0.0790, -0.1088,  0.1018,  0.0450, -0.0064,  0.1007,
        -0.0072, -0.0056,  0.0235,  0.0930, -0.0071,  0.0926, -0.0265, -0.0566,
        -0.1119, -0.0352, -0.1213,  0.0063,  0.0532, -0.1115, -0.1050,  0.0822,
        -0.0760, -0.0736,  0.1092,  0.0426, -0.0540, -0.1129, -0.0392, -0.0402,
         0.1216, -0.0277, -0.0540, -0.0926,  0.0786, -0.0745, -0.0016,  0.0463,
         0.0146,  0.0902, -0.0939, -0.0745, -0.0417, -0.1185,  0.0727, -0.0640,
         0.0674, -0.0706,  0.0174,  0.1203,  0.0214, -0.0456, -0.0505, -0.0218,
         0.0514, -0.0456, -0.0960, -0.1194, -0.0976, -0.0430,  0.0262,  0.0371,
        -0.0324, -0.0794, -0.0208, -0.0199, -0.0447, -0.1099,  0.0498, -0.0283,
         0.0905,  0.1015,  0.0679, -0.0556,  0.0486,  0.0621,  0.1167,  0.0592,
         0.1195, -0.0350, -0.0468,  0.0074,  0.0512, -0.0937, -0.0140,  0.0590,
        -0.0519, -0.0294,  0.0769,  0.0137, -0.0150,  0.0650,  0.0983, -0.0239,
         0.1147, -0.0637, -0.0661, -0.0877, -0.1179,  0.0824,  0.0984, -0.0479,
        -0.1123,  0.0100, -0.0655, -0.0852,  0.0905,  0.0543, -0.1066, -0.0155,
         0.1126, -0.0446,  0.0900,  0.0368])), ('bias_hh', tensor([-0.0083, -0.1155,  0.0717,  0.0871,  0.0418,  0.0780,  0.0327,  0.0526,
        -0.0829,  0.0035,  0.0382, -0.0815, -0.0245,  0.0844,  0.0765,  0.0998,
        -0.0256, -0.0295,  0.1082, -0.0700, -0.0580,  0.0133, -0.1034,  0.0031,
        -0.1143,  0.0942, -0.1079,  0.0924,  0.0597, -0.0800,  0.1096,  0.0289,
        -0.0626,  0.0819,  0.0138,  0.0521,  0.0322, -0.0175, -0.0687, -0.1165,
         0.1043,  0.0422,  0.0435,  0.0967,  0.1067, -0.0772, -0.0219,  0.0538,
         0.1067, -0.0965,  0.0449, -0.0993, -0.1107, -0.0365, -0.0605, -0.0573,
         0.1097,  0.0072,  0.0985, -0.0862, -0.0541,  0.0090,  0.0996,  0.0053,
        -0.0669,  0.0204, -0.1146, -0.0337, -0.0075, -0.0502,  0.1127, -0.0463,
        -0.0282,  0.0691,  0.0108,  0.0321, -0.0284,  0.0343, -0.0695, -0.0630,
        -0.0252,  0.0929,  0.0943, -0.1136,  0.0398, -0.1073, -0.1149,  0.1065,
         0.0502,  0.0963,  0.0135,  0.1166,  0.0268,  0.0254,  0.0895, -0.0091,
         0.0232, -0.0023,  0.1188, -0.0724,  0.0883, -0.0791,  0.0489, -0.0316,
         0.0193,  0.1103, -0.0717, -0.0691,  0.0391, -0.0904,  0.0979,  0.1080,
        -0.0426,  0.0997,  0.0113, -0.0687, -0.0077,  0.1070, -0.0146,  0.0265,
         0.0329,  0.0519,  0.0937, -0.1184, -0.0155,  0.0535, -0.0119, -0.0183,
         0.0713, -0.0459, -0.0189,  0.0317, -0.1037, -0.0008,  0.0169,  0.0353,
         0.0113,  0.0073,  0.1096, -0.0454, -0.1010, -0.0380, -0.0341, -0.0965,
         0.0977, -0.0909,  0.0775, -0.0948, -0.0211,  0.0990, -0.1176,  0.0594,
         0.0643,  0.1010, -0.0585, -0.0421,  0.0788,  0.0757,  0.1000,  0.0560,
         0.0823, -0.0992, -0.0560,  0.0167, -0.0346,  0.0625,  0.0594, -0.0480,
         0.0134,  0.0260, -0.0917,  0.0810, -0.0939, -0.0483,  0.0576,  0.1022,
        -0.0445, -0.0749,  0.0846,  0.0565, -0.1017,  0.0956, -0.1181,  0.1108,
        -0.0268,  0.0168, -0.0515,  0.0883,  0.0904, -0.0806,  0.1012, -0.0247,
        -0.0105,  0.0618, -0.0897,  0.0672,  0.0797, -0.0634,  0.0215,  0.1133,
        -0.1023, -0.0733,  0.0285, -0.0597, -0.0022,  0.0030,  0.0647,  0.0254,
         0.0541, -0.1114,  0.0253,  0.0303,  0.0464, -0.1135,  0.0022,  0.0695,
        -0.1151, -0.0099, -0.0791,  0.0781,  0.0837, -0.0132, -0.0769, -0.1009,
         0.0120, -0.0527, -0.0816, -0.0596, -0.0094, -0.1019, -0.1030, -0.0679,
         0.0852, -0.0229,  0.0416, -0.0890, -0.0126,  0.0961, -0.1081, -0.0149,
        -0.0519, -0.1183,  0.0378,  0.0509, -0.1003,  0.0313,  0.0483,  0.0628,
        -0.1124, -0.0373, -0.0448,  0.0620,  0.0196, -0.0727, -0.0156,  0.0617,
         0.1186, -0.1171, -0.0433, -0.0141,  0.0660, -0.0250, -0.1084, -0.0127,
         0.1028,  0.1017,  0.1087, -0.0078]))])

-----
actor network:
Linear(in_features=67, out_features=5, bias=True)
actor network state dict:
OrderedDict([('weight', tensor([[ 0.0525,  0.0267, -0.1157,  0.0387,  0.0845,  0.0684, -0.1137, -0.0284,
          0.0919, -0.0467,  0.0890,  0.0064, -0.0870,  0.0501,  0.0880,  0.0257,
          0.1193, -0.0111, -0.0498, -0.0607,  0.0636, -0.0616,  0.0615,  0.0685,
          0.0418, -0.0632,  0.0822, -0.0947,  0.0578,  0.0650, -0.0661, -0.0079,
         -0.0786,  0.0167, -0.1024, -0.1166,  0.0350,  0.1144,  0.1094,  0.1199,
          0.0175, -0.0574, -0.0743,  0.0381, -0.1179, -0.1174,  0.0314,  0.0134,
          0.0260, -0.0257, -0.0876, -0.1126,  0.0266, -0.0275, -0.0767, -0.0608,
          0.0361, -0.0904,  0.0499, -0.0421, -0.0036,  0.0633, -0.0318,  0.0847,
         -0.0179,  0.0832,  0.0937],
        [-0.0301, -0.0963, -0.0185,  0.1091, -0.0143, -0.0125, -0.0348, -0.0987,
         -0.0831,  0.0378, -0.0180, -0.0312,  0.0584, -0.0945, -0.0763, -0.0557,
         -0.0241,  0.0283,  0.0527,  0.0841,  0.0760,  0.1013, -0.0337,  0.0137,
          0.0501,  0.0616,  0.1202, -0.0150, -0.0264,  0.0706, -0.0005, -0.0774,
         -0.0448,  0.0165,  0.0233,  0.0557,  0.0046,  0.0189, -0.1176,  0.0664,
         -0.0698, -0.0922, -0.1099, -0.0404, -0.0606, -0.0518, -0.0005, -0.0500,
         -0.0562,  0.1209, -0.0246, -0.0116,  0.0063, -0.0168,  0.1158,  0.0637,
         -0.0804, -0.0812,  0.1027, -0.0513, -0.0422, -0.0848, -0.0636,  0.1111,
          0.0043, -0.0892,  0.0859],
        [ 0.0390,  0.0600, -0.0699,  0.1043,  0.0255, -0.0054,  0.0014, -0.0904,
         -0.0403, -0.0035, -0.0861,  0.0324,  0.0328, -0.0137, -0.0678, -0.0074,
         -0.0994,  0.1209,  0.0945, -0.1068,  0.0491,  0.0062,  0.0367, -0.0735,
          0.0332,  0.1177,  0.0230,  0.0716, -0.1114,  0.0821,  0.0355,  0.0537,
          0.0675, -0.0674, -0.0977,  0.0488, -0.0450,  0.0175, -0.0248, -0.1028,
         -0.1215, -0.1091, -0.0138,  0.0421, -0.0057,  0.0115, -0.0699, -0.0890,
         -0.1152, -0.1141,  0.0764, -0.0469, -0.1056, -0.1142,  0.0706, -0.0673,
         -0.0089,  0.0031, -0.1141,  0.0195, -0.0232,  0.0981, -0.0501,  0.1050,
         -0.0502,  0.0932, -0.0730],
        [-0.0404, -0.0402,  0.0113, -0.0343,  0.0928, -0.0371,  0.0351,  0.0963,
          0.1082,  0.0182,  0.0158, -0.0584, -0.0084,  0.1089, -0.0515, -0.1153,
         -0.0196, -0.0645,  0.1203, -0.0941,  0.0408,  0.1038, -0.0622,  0.0040,
          0.1009,  0.1049,  0.0225, -0.1105,  0.0178,  0.0662,  0.0749, -0.0166,
         -0.0786, -0.0221,  0.0936, -0.0640,  0.0435, -0.0147,  0.1133,  0.0925,
         -0.0018, -0.1212, -0.0632, -0.0361, -0.0293, -0.0274,  0.1070,  0.0676,
         -0.0230, -0.0136, -0.1158, -0.0951, -0.0814, -0.1108,  0.1065, -0.0023,
         -0.0269,  0.1069, -0.0694,  0.0168,  0.0727,  0.1174,  0.0775, -0.0897,
         -0.0599, -0.0266,  0.0848],
        [-0.0406, -0.0038,  0.0920, -0.0049,  0.0350, -0.0142,  0.0015, -0.1047,
          0.0678,  0.0909,  0.0650,  0.1138,  0.1206,  0.0750, -0.0454, -0.0493,
          0.0819,  0.0585,  0.0356, -0.0738,  0.0669, -0.1071, -0.0010, -0.1040,
         -0.1019, -0.0066,  0.0057,  0.1203,  0.1017, -0.0759, -0.0973,  0.0963,
          0.1112,  0.0616,  0.0473, -0.0522, -0.1153, -0.1079,  0.0728, -0.0889,
         -0.0076,  0.0539, -0.1165,  0.0293,  0.0243, -0.0190, -0.0483,  0.0656,
          0.0981, -0.1032,  0.1158, -0.0306, -0.0685,  0.0653,  0.0794,  0.0382,
         -0.0116, -0.0670, -0.0714, -0.1089, -0.0655,  0.0020,  0.0864, -0.0428,
          0.0068, -0.1078, -0.1207]])), ('bias', tensor([-0.0364,  0.0258, -0.0008, -0.0866, -0.0294]))])

-----
critic network:
Linear(in_features=67, out_features=1, bias=True)
critic network state dict:
OrderedDict([('weight', tensor([[-0.0989,  0.1078,  0.0430, -0.0549,  0.0552,  0.0591, -0.0510, -0.0984,
          0.0194,  0.0749,  0.0970, -0.1003, -0.0945,  0.0039, -0.0464, -0.0875,
          0.0632, -0.0955, -0.1051, -0.0910, -0.0829, -0.0157,  0.1087, -0.0262,
         -0.0481,  0.0583,  0.0156,  0.0342,  0.0820, -0.1056,  0.0874,  0.0443,
         -0.0016,  0.0748, -0.1097, -0.1192, -0.0627, -0.1105, -0.0327,  0.0353,
         -0.0307,  0.0347, -0.0674, -0.0235, -0.0290, -0.1139, -0.0843,  0.0273,
          0.0592, -0.0051, -0.0254, -0.0922,  0.0472,  0.0312, -0.0390,  0.0537,
          0.0858, -0.0078,  0.0405, -0.1180,  0.0602, -0.0107, -0.0425, -0.0318,
         -0.0340,  0.0147,  0.0291]])), ('bias', tensor([0.0700]))])
