1.50569748878479
1.1558706760406494
-0.3288842737674713
-0.24279272556304932
1.6008291244506836
1.0072946548461914
0.26055774092674255
-0.43686914443969727
0.09880714118480682
3.924152374267578
1.0035247802734375
0.46367838978767395
0.2878122329711914
1.3874614238739014
0.7266120910644531
0.4446096122264862
0.3357413709163666
0.1300678551197052
0.042677126824855804
0.01681176945567131
-0.01930762641131878
-0.5630980134010315
-0.4477943778038025
-0.14692902565002441
-0.032136350870132446
-0.08215423673391342
-0.007899105548858643
-0.29355430603027344
-0.21170350909233093
3.0089757442474365
1.4979512691497803
1.1770598888397217
1.029405117034912
4.570533275604248
3.801177978515625
2.4229748249053955
1.1177620887756348
-0.2209697812795639
1.973118543624878
1.5178200006484985
1.1194850206375122
0.3317905366420746
0.1921072006225586
4.2014970779418945
2.7716636657714844
16.363256454467773
1.7591466903686523
1.4147281646728516
1.3281434774398804
1.246942162513733
1.1872572898864746
1.1438082456588745
1.1114447116851807
0.9610611796379089
5.311819076538086
3.5561776161193848
2.2965760231018066
1.593693494796753
1.4378107786178589
1.3350512981414795
1.2642126083374023
1.2131012678146362
1.1186610460281372
1.0327404737472534
1.0119073390960693
5.07958984375
3.2550032138824463
2.4513437747955322
1.709686040878296
1.5399672985076904
1.339468240737915
1.0993729829788208
1.051303505897522
1.0218405723571777
1.0026214122772217
0.9893426299095154
0.9796849489212036
2.3360557556152344
1.45474374294281
-0.2554984986782074
4.222378253936768
3.5537283420562744
2.45123553276062
1.2813483476638794
1.164643406867981
0.9734454154968262
-0.7258169651031494
-0.11691822856664658
0.08843374997377396
-0.0039527458138763905
5.998602867126465
3.0866012573242188
-0.618950605392456
-0.37093332409858704
7.85039758682251
5.4539337158203125
4.298275470733643
3.6726276874542236
3.4615159034729004
19.531726837158203
12.246065139770508
8.98531723022461
7.506688117980957
1.0942074060440063
0.8838437795639038
0.07138697803020477
14.487091064453125
31.038848876953125
28.84308624267578
24.888885498046875
21.79662322998047
23.924665451049805
21.500490188598633
1.3843066692352295
24.736618041992188
21.59891700744629
30.9180850982666
27.387746810913086
22.361772537231445
20.69469451904297
25.736785888671875
16.086000442504883
15.228327751159668
0.7876911163330078
24.967554092407227
21.388469696044922
16.59954833984375
14.936640739440918
23.281251907348633
14.48459243774414
11.359477996826172
9.799124717712402
9.478799819946289
12.697113037109375
7.947477340698242
6.499854564666748
6.541139602661133
0.0009108305093832314
3.5097928047180176
15.011905670166016
7.449301719665527
6.932467937469482
13.838574409484863
9.233731269836426
-0.658530592918396
0.9105627536773682
20.46202850341797
17.965648651123047
-0.40531474351882935
5.682502269744873
5.180568695068359
9.422324180603027
8.105280876159668
-0.4104616045951843
18.09634017944336
16.71196937561035
18.4884090423584
11.885741233825684
8.169086456298828
6.914498329162598
6.481898307800293
16.993244171142578
15.852764129638672
19.72884178161621
15.398459434509277
12.643189430236816
25.765207290649414
15.729321479797363
12.17286491394043
10.633700370788574
9.091772079467773
8.20748233795166
7.595000743865967
7.145369529724121
6.800602912902832
6.527282238006592
6.304884910583496
6.1201348304748535
5.99863338470459
5.799097061157227
5.717658996582031
5.555676460266113
5.570504188537598
30.580490112304688
19.27118492126465
14.842706680297852
12.415122032165527
10.97045612335205
9.944327354431152
9.105926513671875
8.543663024902344
8.088393211364746
7.7075300216674805
7.354454517364502
7.069330215454102
7.00204610824585
30.580490112304688
19.590295791625977
14.970999717712402
14.329597473144531
26.46027183532715
24.654640197753906
0.5667489767074585
26.967662811279297
16.815034866333008
13.025110244750977
10.982409477233887
9.694222450256348
8.80633544921875
8.157658576965332
7.663585662841797
7.275189399719238
7.087764263153076
6.999465465545654
29.94882583618164
18.823959350585938
14.084637641906738
11.848636627197266
10.421296119689941
9.347237586975098
8.538267135620117
7.940093040466309
7.491510391235352
7.115014553070068
6.817527770996094
6.578941345214844
6.403315544128418
6.252506256103516
6.095856666564941
5.9820170402526855
5.861685752868652
5.777763843536377
5.6801228523254395
5.596128463745117
5.522308826446533
5.46100378036499
5.386501789093018
5.32438325881958
5.308979511260986
27.640169143676758
15.981115341186523
12.323307991027832
10.353574752807617
9.115250587463379
8.28682804107666
7.693620204925537
7.247806549072266
6.900440692901611
6.622098922729492
6.644150733947754
19.259553909301758
12.23759937286377
9.895832061767578
9.440943717956543
-0.5461331009864807
24.328638076782227
15.424823760986328
12.37797737121582
10.318108558654785
9.142621994018555
8.34127140045166
7.760077476501465
7.319543838500977
7.001062870025635
7.082159042358398
30.783079147338867
27.9361629486084
19.498083114624023
12.32326889038086
11.531393051147461
25.352550506591797
22.768211364746094
-1.0715727806091309
4.634909629821777
25.319658279418945
22.560625076293945
26.345375061035156
16.711986541748047
12.90133285522461
10.950278282165527
9.640015602111816
8.752330780029297
8.111038208007812
7.665093898773193
7.287848949432373
6.981274604797363
6.708029747009277
6.475864887237549
6.270847320556641
6.113886833190918
5.999408721923828
5.84350061416626
5.7648701667785645
5.647408962249756
5.550204753875732
5.470629692077637
5.403092384338379
5.344202995300293
5.308333396911621
5.261453151702881
5.20644998550415
5.160384654998779
5.128432273864746
5.0739922523498535
5.039206504821777
5.007091999053955
4.9794111251831055
26.239835739135742
16.459718704223633
13.012052536010742
10.89013385772705
9.642496109008789
9.119441032409668
16.53103256225586
12.62159252166748
19.249011993408203
12.276731491088867
9.761190414428711
8.43007755279541
8.175580978393555
22.67108917236328
14.452553749084473
11.37321662902832
9.711956024169922
8.664862632751465
7.943800449371338
7.4174418449401855
7.204268932342529
30.691471099853516
27.28763771057129
15.177793502807617
9.336523056030273
7.531457424163818
7.317683219909668
1.156593680381775
20.915483474731445
13.25031852722168
10.39893913269043
8.926877975463867
7.948680400848389
7.205933570861816
6.7100830078125
6.679781913757324
26.857635498046875
16.58464813232422
15.806642532348633
11.731224060058594
13.02051067352295
11.760369300842285
9.39986515045166
7.403311252593994
12.694523811340332
7.3028244972229
5.237505912780762
4.712924957275391
10.340592384338379
6.449431419372559
5.100441932678223
5.416965007781982
3.4886200428009033
3.0081467628479004
6.777124404907227
5.4417219161987305
-0.49713367223739624
2.298234701156616
4.358419895172119
2.6353609561920166
1.8526893854141235
1.6475595235824585
1.7688546180725098
1.766054391860962
22.250076293945312
12.96051025390625
12.00122356414795
8.110440254211426
5.2429890632629395
4.410913467407227
2.2696266174316406
19.85126304626465
13.204394340515137
5.711402893066406
12.854392051696777
7.322759628295898
5.374112129211426
4.773293972015381
3.9212381839752197
3.7083899974823
13.852137565612793
12.160417556762695
0.0023836882319301367
13.364517211914062
9.092768669128418
7.109617710113525
6.30881404876709
20.879541397094727
12.469217300415039
11.540473937988281
6.803003311157227
4.5654144287109375
13.706018447875977
11.989974975585938
-0.3414783477783203
5.909979820251465
4.695749759674072
31.658798217773438
19.671878814697266
15.020800590515137
12.475401878356934
10.820428848266602
9.719529151916504
8.847114562988281
8.244831085205078
7.77777624130249
7.473562717437744
7.134805202484131
7.03678560256958
19.407447814941406
17.054643630981445
24.307449340820312
21.54901123046875
20.026063919067383
16.544099807739258
29.87579917907715
26.625009536743164
19.235164642333984
12.348377227783203
9.816758155822754
8.533077239990234
7.731897830963135
7.154053211212158
6.738344669342041
6.611799240112305
29.87579917907715
18.497390747070312
14.232123374938965
11.929752349853516
10.529911994934082
10.286306381225586
30.73694610595703
19.370391845703125
14.92494010925293
14.479778289794922
1.1189637184143066
30.596776962280273
19.548595428466797
14.930912971496582
14.323881149291992
29.965587615966797
18.486513137817383
14.20295238494873
11.89355182647705
10.436161041259766
9.505002975463867
9.292350769042969
25.441741943359375
22.563879013061523
2.6529505252838135
3.664400100708008
30.52608299255371
27.36627960205078
30.52608299255371
19.23746681213379
14.814851760864258
12.389702796936035
11.066307067871094
9.858331680297852
9.184782028198242
8.526877403259277
8.022252082824707
7.622250556945801
7.296898365020752
7.067814826965332
6.97769832611084
0.8414713144302368
16.77870750427246
10.677027702331543
8.462526321411133
7.339719295501709
6.642515182495117
6.195141315460205
5.866055965423584
5.620348930358887
5.400251865386963
5.243616580963135
5.154575824737549
5.084071159362793
5.088997840881348
4.916838645935059
4.832394123077393
4.7949910163879395
0.8340020179748535
24.462373733520508
21.69507598876953
25.591726303100586
22.70836639404297
30.011333465576172
18.776809692382812
17.528820037841797
30.561264038085938
19.2596378326416
14.833213806152344
12.406472206115723
10.86291790008545
9.793665885925293
9.010028839111328
8.411949157714844
7.941160678863525
7.561384677886963
7.295107364654541
7.05540132522583
6.855404376983643
6.70681095123291
6.538675785064697
6.360846996307373
6.213137149810791
6.09100866317749
5.965111255645752
5.859510898590088
5.768346786499023
5.710283279418945
5.686939239501953
30.741987228393555
26.250965118408203
30.756040573120117
27.72101402282715
29.628087997436523
17.426496505737305
16.170164108276367
28.703266143798828
25.61125946044922
27.71150016784668
17.554616928100586
16.873971939086914
8.84300708770752
29.85898780822754
26.648778915405273
27.700374603271484
17.321928024291992
13.664499282836914
11.295907020568848
9.913124084472656
9.620718955993652
24.3232421875
18.457904815673828
29.85898780822754
18.289018630981445
13.961627960205078
11.62253189086914
10.233114242553711
9.047947883605957
8.256499290466309
7.682104587554932
7.526477336883545
2.205012559890747
30.930335998535156
19.625741958618164
15.029117584228516
12.63438892364502
12.209246635437012
26.240039825439453
16.669084548950195
12.936832427978516
11.054768562316895
9.647991180419922
8.75965690612793
8.108505249023438
7.599569320678711
7.213208198547363
6.909051418304443
6.706753253936768
6.449670791625977
22.467288970947266
13.691499710083008
25.319860458374023
16.162784576416016
12.221479415893555
10.186219215393066
8.836161613464355
8.596532821655273
7.720639228820801
27.721864700317383
17.376220703125
16.311063766479492
31.025781631469727
27.647579193115234
23.602718353271484
21.00649070739746
24.141082763671875
15.07120418548584
14.078222274780273
2.05277943611145
24.054080963134766
21.131444931030273
28.703378677368164
25.65388298034668
22.230525970458984
20.84357261657715
31.389619827270508
27.923133850097656
-0.1755978763103485
28.776094436645508
17.87455940246582
13.500661849975586
11.400887489318848
9.87810230255127
8.784445762634277
8.15445327758789
7.672236442565918
19.885814666748047
17.14579200744629
25.10886001586914
22.02843475341797
-0.8020816445350647
14.054986000061035
12.79720687866211
26.533309936523438
16.805078506469727
12.904589653015137
10.837312698364258
10.590557098388672
25.317188262939453
15.096830368041992
13.549851417541504
15.90959644317627
10.669022560119629
-0.47172123193740845
20.033824920654297
12.862403869628906
9.626079559326172
8.133302688598633
7.909213066101074
6.560657978057861
5.610737323760986
-0.02803739532828331
2.424711227416992
-0.14806345105171204
31.411853790283203
18.588077545166016
17.434890747070312
20.519752502441406
13.012231826782227
9.976282119750977
8.474248886108398
7.9871907234191895
16.630718231201172
10.183639526367188
9.653541564941406
21.88227081298828
19.4796085357666
-0.7305482029914856
16.147106170654297
14.648578643798828
5.935065746307373
3.9911203384399414
3.416943311691284
3.2215588092803955
10.134511947631836
6.9289350509643555
5.934611797332764
5.260275840759277
4.7227349281311035
4.225353240966797
12.563706398010254
8.136177062988281
6.122712135314941
5.2013068199157715
0.8131925463676453
7.812831878662109
16.926734924316406
14.817343711853027
9.93423843383789
5.304197788238525
4.722879886627197
0.8869427442550659
16.787799835205078
17.18937873840332
9.978304862976074
8.055920600891113
6.838168144226074
6.1185784339904785
12.13947582244873
10.947776794433594
-0.8419706225395203
-0.14845417439937592
0.3817007541656494
3.421419620513916
2.0010769367218018
20.128034591674805
12.643786430358887
9.820727348327637
9.468574523925781
8.30815315246582
5.119594573974609
4.659214973449707
14.656349182128906
11.063554763793945
9.877994537353516
8.966365814208984
19.420530319213867
11.464859008789062
10.61266803741455
5.494740962982178
4.910857200622559
29.39986801147461
26.993343353271484
0.054440297186374664
19.63330841064453
12.482059478759766
5.710277080535889
3.8875951766967773
3.512160539627075
2.0673182010650635
1.9683723449707031
2.082141399383545
2.2127439975738525
2.299920082092285
2.397796154022217
2.560959577560425
2.6998534202575684
2.77799129486084
2.835561990737915
2.9732322692871094
3.106727361679077
3.164003849029541
3.1564688682556152
3.101003646850586
-0.06871864944696426
0.6024065017700195
14.401281356811523
9.300588607788086
7.7786359786987305
2.075335741043091
7.127711772918701
2.6054234504699707
1.9172855615615845
1.912979245185852
1.7475841045379639
-0.13918030261993408
13.20732307434082
11.615131378173828
12.581954956054688
10.975601196289062
21.372211456298828
12.721062660217285
8.858304023742676
7.246408462524414
10.522109985351562
-0.1367703229188919
22.569154739379883
13.431705474853516
10.354081153869629
6.965400218963623
5.109501838684082
3.0765256881713867
2.333089828491211
1.938022255897522
1.8309959173202515
1.7271677255630493
10.753357887268066
9.319133758544922
1.4779599905014038
2.1914899349212646
1.4867429733276367
8.801851272583008
7.811526775360107
0.7464199662208557
0.38911551237106323
0.73470538854599
1.1551162004470825
1.4042012691497803
1.283888816833496
15.839401245117188
9.952173233032227
7.995987415313721
7.601471424102783
4.05066442489624
2.4529120922088623
0.6180751323699951
16.05413246154785
9.583940505981445
8.238637924194336
7.112335681915283
3.309786319732666
2.2772045135498047
3.2887418270111084
2.7790093421936035
13.38735294342041
11.749664306640625
8.478594779968262
5.007647514343262
4.5958251953125
5.287355422973633
4.4938554763793945
0.430657297372818
0.27427729964256287
-0.8424168229103088
15.83085823059082
9.086894035339355
8.40208625793457
19.49106216430664
17.5690975189209
14.214351654052734
8.792171478271484
6.309353351593018
4.706029415130615
4.064884662628174
3.8539414405822754
5.0196733474731445
4.294827938079834
7.299610137939453
1.3414396047592163
1.1385575532913208
0.9586400389671326
2.4644548892974854
1.8806357383728027
1.7821049690246582
1.8955152034759521
1.9012352228164673
1.7908339500427246
3.158008098602295
2.093719720840454
14.392874717712402
8.966949462890625
6.8475728034973145
6.5488715171813965
-0.1738852709531784
1.007625699043274
1.4219645261764526
1.1923409700393677
1.538892149925232
16.48579216003418
14.786422729492188
3.946465015411377
2.602313280105591
2.210933208465576
2.3300211429595947
24.917085647583008
14.80629825592041
10.768742561340332
9.087481498718262
7.757931232452393
3.0702357292175293
2.8174657821655273
2.5219385623931885
2.397322654724121
2.060805320739746
-0.18813961744308472
6.4101738929748535
5.594666957855225
-0.4004400372505188
11.616303443908691
6.930121898651123
4.924834728240967
4.614919662475586
22.90992546081543
14.127976417541504
10.809176445007324
10.366835594177246
8.19520092010498
5.235143184661865
4.536776065826416
4.81327486038208
3.5273044109344482
14.682427406311035
9.907304763793945
7.392902374267578
6.60198450088501
5.71712064743042
5.5661492347717285
12.582430839538574
8.319655418395996
6.665740013122559
5.850874900817871
5.1442341804504395
4.963705062866211
4.88692045211792
14.093849182128906
9.152873992919922
5.959715843200684
5.6038594245910645
-0.026805013418197632
21.78295135498047
19.297409057617188
15.709793090820312
13.880678176879883
13.403743743896484
8.415243148803711
6.865906238555908
6.1682047843933105
5.442164897918701
5.130983352661133
4.833967208862305
4.5143046379089355
4.222670078277588
16.197895050048828
14.112340927124023
4.0858025550842285
8.349051475524902
10.977511405944824
7.7688679695129395
20.754602432250977
19.10165023803711
27.734209060668945
16.479642868041992
12.34264850616455
11.877522468566895
-0.14245179295539856
8.14453411102295
5.694282054901123
4.707442283630371
4.503956317901611
12.06570053100586
10.445773124694824
4.86337423324585
15.6031494140625
9.947086334228516
7.721649646759033
6.581406116485596
6.078599452972412
2.656637191772461
7.602158069610596
16.93411636352539
11.45227336883545
8.451200485229492
8.098023414611816
26.035924911499023
16.327234268188477
12.295536994934082
10.294832229614258
8.865314483642578
7.837646007537842
7.633517742156982
19.557117462158203
12.102334976196289
9.41313648223877
9.095210075378418
24.76493263244629
20.701101303100586
24.28066062927246
21.50156021118164
29.969633102416992
26.893470764160156
25.129365921020508
16.233768463134766
12.354395866394043
11.009527206420898
4.557764530181885
13.427210807800293
18.215246200561523
11.845088958740234
9.30921459197998
8.010730743408203
7.247331142425537
6.7461771965026855
6.446993350982666
6.019587993621826
5.780460357666016
5.471527576446533
5.25110387802124
5.120240211486816
5.01060676574707
32.573699951171875
19.380298614501953
15.718722343444824
32.573699951171875
19.650981903076172
15.067996978759766
14.483797073364258
29.89304542541504
27.82929801940918
2.6425974369049072
13.271124839782715
8.382198333740234
7.724441051483154
17.5063533782959
11.051531791687012
8.872410774230957
8.421001434326172
19.192913055419922
12.14121150970459
9.67135238647461
8.259234428405762
7.307224273681641
6.737441062927246
6.326807022094727
6.1717119216918945
20.45441436767578
18.138565063476562
-0.2089509814977646
24.202314376831055
22.461082458496094
17.12044334411621
15.02450180053711
16.134418487548828
10.208049774169922
8.04280948638916
7.818829536437988
12.824007987976074
8.393832206726074
7.186581134796143
6.1733245849609375
5.6135334968566895
5.210818767547607
5.058247089385986
3.9490785598754883
31.65326690673828
19.926576614379883
18.680509567260742
1.7380269765853882
26.62590217590332
23.74447250366211
17.063068389892578
10.743051528930664
8.474534034729004
15.569612503051758
9.235337257385254
8.017436981201172
5.098817825317383
4.46694803237915
21.932968139648438
13.548843383789062
9.990944862365723
8.159492492675781
7.0427470207214355
6.363154411315918
6.210391521453857
1.5769048929214478
22.39488983154297
13.960415840148926
2.1717770099639893
10.19318962097168
6.918258190155029
5.946203708648682
5.334103107452393
4.865273952484131
4.649379730224609
4.314266681671143
4.12572717666626
3.816605806350708
3.7372469902038574
8.115581512451172
5.32969856262207
5.022859573364258
13.22365665435791
11.435257911682129
17.94369888305664
14.611498832702637
0.21475915610790253
12.018234252929688
8.153607368469238
6.531256198883057
5.734565734863281
5.390299320220947
8.291055679321289
4.696750640869141
3.9359681606292725
26.784976959228516
23.427261352539062
10.556796073913574
9.122553825378418
-0.08807281404733658
17.019733428955078
10.752927780151367
8.29791259765625
6.740610122680664
5.831095218658447
5.63519811630249
16.66688346862793
11.431792259216309
20.19638442993164
12.623135566711426
11.722155570983887
30.379344940185547
17.029233932495117
12.590129852294922
9.74828052520752
8.20180606842041
6.961416244506836
6.340427398681641
5.675179481506348
5.341654300689697
1.1531710624694824
15.739699363708496
9.685319900512695
8.970707893371582
11.679166793823242
10.309718132019043
24.05247688293457
13.880538940429688
10.543967247009277
8.879608154296875
7.839494705200195
7.269598007202148
6.5191473960876465
11.653741836547852
7.086137294769287
6.026089668273926
0.4045102000236511
6.623465538024902
5.88571310043335
4.391402244567871
2.9584784507751465
2.665357828140259
2.671372890472412
2.804837226867676
2.843951463699341
2.883402109146118
14.471778869628906
12.598186492919922
-0.49252626299858093
0.43090376257896423
17.17572784423828
15.067179679870605
14.837871551513672
9.01175594329834
6.8852410316467285
5.163359642028809
4.484846591949463
3.9729392528533936
3.756084442138672
3.373872995376587
4.880886077880859
3.9965288639068604
3.1268513202667236
2.8854126930236816
2.753018617630005
0.7256020903587341
0.5020242929458618
0.22801491618156433
13.724449157714844
7.719148635864258
6.81596565246582
0.7360374331474304
0.6055692434310913
2.84080171585083
2.4249510765075684
6.627638816833496
-0.5434362292289734
3.548037052154541
2.792921304702759
2.32422137260437
2.158543825149536
1.7795766592025757
1.292224645614624
1.58928644657135
1.6636409759521484
1.4644505977630615
1.2534079551696777
5.133315086364746
3.242269992828369
2.916473388671875
-0.13499432802200317
1.5850741863250732
0.6686015725135803
5.785964488983154
4.941059589385986
-0.5321876406669617
-0.18655531108379364
0.5184733867645264
0.3622341752052307
0.2841847538948059
0.2832392752170563
0.3843078315258026
0.3150155246257782
1.557305932044983
0.9389704465866089
0.5669831037521362
5.496081829071045
3.9363274574279785
2.3889617919921875
2.1295127868652344
10.053369522094727
5.458799362182617
4.249055862426758
3.62612247467041
3.069523572921753
2.685407876968384
2.289801836013794
1.9912225008010864
1.8058133125305176
3.3720438480377197
2.3743512630462646
1.6901429891586304
1.1449350118637085
0.41834768652915955
0.5092911124229431
0.7521027326583862
0.8101877570152283
0.5863324999809265
0.8747942447662354
1.2053064107894897
0.9365748167037964
1.5089123249053955
0.7743964195251465
0.6243413686752319
2.917750835418701
2.054670810699463
1.372623085975647
3.9105043411254883
3.3323614597320557
-0.04371597245335579
-0.06328091025352478
3.7077929973602295
3.3045713901519775
1.6742066144943237
1.3995622396469116
-0.24971632659435272
-0.5552763938903809
1.448302984237671
1.2655212879180908
1.0324218273162842
1.2193880081176758
1.135529637336731
0.9027294516563416
0.7286417484283447
4.125351428985596
3.5194735527038574
-0.5574727058410645
-0.5414787530899048
0.9446556568145752
0.0
0.07673278450965881
0.06065467372536659
-0.5584434866905212
-0.07598010450601578
-0.10179657489061356
6.306365013122559
3.4332823753356934
2.767848014831543
2.572437047958374
-0.3710874319076538
0.02605900540947914
0.021862898021936417
-0.643891453742981
-0.37966442108154297
-0.1385471224784851
0.9706591367721558
0.7481958866119385
4.053355693817139
7.339984893798828
4.127321243286133
5.513723373413086
3.831514596939087
-0.6358934640884399
-0.4838179051876068
-0.12744171917438507
-0.10782644152641296
12.407752990722656
8.692967414855957
5.328965187072754
4.52643346786499
6.969333648681641
3.593939781188965
3.240452766418457
13.056499481201172
8.16352653503418
6.288388252258301
4.795435905456543
4.596189022064209
0.02566719427704811
14.725250244140625
13.263907432556152
3.585444688796997
2.6807591915130615
-0.13545404374599457
0.7344735264778137
1.2145066261291504
0.6747240424156189
10.424757957458496
7.47083854675293
21.71111297607422
19.158794403076172
-0.0486241951584816
1.5684508085250854
1.4780592918395996
1.1110907793045044
-0.298453688621521
-0.4343351721763611
6.369810581207275
5.543911457061768
8.041056632995605
4.557957649230957
3.9630234241485596
8.853448867797852
7.539120197296143
0.05393901467323303
10.683908462524414
6.331860542297363
4.695271015167236
4.37874174118042
7.622396945953369
4.831284046173096
3.6381676197052
8.386422157287598
5.795757293701172
4.425387859344482
3.9461278915405273
-0.048026442527770996
5.045341968536377
6.112222671508789
5.239577293395996
16.161035537719727
10.672184944152832
7.868526935577393
6.58096981048584
3.4610300064086914
2.4467735290527344
-0.5738073587417603
1.9722470045089722
1.3990150690078735
1.5282655954360962
1.4538631439208984
1.1981719732284546
16.630054473876953
10.399418830871582
7.967604160308838
6.5909552574157715
-0.23119622468948364
0.07033427059650421
-0.03388127312064171
6.827062606811523
4.825412750244141
3.5544488430023193
-0.0972871407866478
3.0843465328216553
2.084721565246582
11.801815032958984
7.4822468757629395
5.354037761688232
4.399057865142822
3.6252150535583496
3.1847057342529297
2.8261945247650146
2.7315189838409424
1.9293817281723022
1.448919415473938
1.1242570877075195
-0.05616087093949318
9.924514770507812
10.727246284484863
9.292619705200195
3.2035207748413086
2.2683939933776855
1.9585251808166504
1.9608304500579834
9.59941577911377
8.427301406860352
10.858123779296875
9.7869234085083
-0.526024580001831
-0.3731336295604706
9.036290168762207
5.90866756439209
4.107939720153809
22.648054122924805
13.081650733947754
12.194993019104004
-0.5796306133270264
2.6742963790893555
8.504083633422852
7.32413387298584
3.873034715652466
13.361080169677734
12.055896759033203
4.557831764221191
3.5273375511169434
2.730572462081909
2.5319325923919678
2.3750436305999756
8.545424461364746
6.225098609924316
25.381805419921875
15.27206802368164
14.239078521728516
29.358219146728516
17.121015548706055
16.00185203552246
12.613412857055664
7.722058296203613
6.204959869384766
5.935828685760498
14.176596641540527
12.869297981262207
0.7471523880958557
-0.49278369545936584
4.957791805267334
3.2389848232269287
2.923632860183716
14.204754829406738
7.77521276473999
9.144706726074219
6.280270099639893
5.015984058380127
4.7255988121032715
4.2390570640563965
21.432641983032227
13.042806625366211
12.417780876159668
13.714645385742188
12.022714614868164
9.10859203338623
-0.49766790866851807
0.09465770423412323
13.878889083862305
12.638561248779297
14.177754402160645
9.624499320983887
13.38965892791748
8.810128211975098
6.654031276702881
5.818258285522461
19.036924362182617
10.701888084411621
8.565335273742676
7.233829975128174
6.5735955238342285
5.98527193069458
5.555654525756836
5.3218231201171875
5.210152626037598
4.061895847320557
5.860447883605957
26.719295501708984
24.02224349975586
2.6224708557128906
1.9172465801239014
1.656136393547058
1.4209256172180176
8.508882522583008
5.341130256652832
4.402074337005615
4.200011253356934
-0.1500702202320099
2.5595085620880127
18.079357147216797
11.76328182220459
9.001265525817871
7.637490272521973
20.224361419677734
17.83142852783203
14.686421394348145
8.741598129272461
8.12148666381836
-0.4835214614868164
0.5686288475990295
5.737886905670166
25.763622283935547
23.24730682373047
19.18903350830078
16.873857498168945
2.3159735202789307
4.858580112457275
33.043880462646484
19.99129295349121
14.90091323852539
13.633918762207031
22.596843719482422
20.731361389160156
22.380874633789062
13.931414604187012
10.701393127441406
-0.4346715211868286
17.052099227905273
10.556478500366211
8.167404174804688
7.065544605255127
6.768535137176514
28.088838577270508
17.773019790649414
13.67562484741211
12.963062286376953
9.209905624389648
6.209609031677246
4.801547050476074
4.613193035125732
9.751015663146973
5.278737545013428
3.9591431617736816
30.01344871520996
26.768325805664062
15.444357872009277
13.620160102844238
27.693687438964844
16.864479064941406
12.949742317199707
12.334444999694824
20.940309524536133
13.169532775878906
9.855416297912598
8.311049461364746
0.019636332988739014
26.66313362121582
23.64482879638672
26.475187301635742
16.80515480041504
13.040112495422363
11.191715240478516
9.75167179107666
8.867789268493652
8.613367080688477
13.5416898727417
11.606149673461914
23.537948608398438
14.85973834991455
11.506512641906738
9.780360221862793
9.54674243927002
-0.40651389956474304
17.87520980834961
10.544034004211426
8.677976608276367
29.970142364501953
18.809972763061523
14.358534812927246
12.089912414550781
11.349616050720215
15.19186782836914
9.714776992797852
7.812218189239502
6.892892837524414
6.601194381713867
18.002470016479492
11.554624557495117
9.216148376464844
7.990192413330078
7.152653217315674
6.469995975494385
6.064648151397705
5.718508243560791
5.429113864898682
5.249988555908203
5.126622676849365
5.035078048706055
4.9715752601623535
4.8733415603637695
4.8212199211120605
4.737440586090088
4.676074981689453
4.336952209472656
25.601791381835938
15.99886417388916
12.49993896484375
10.587868690490723
9.152437210083008
8.902140617370605
10.43027114868164
8.864354133605957
28.751972198486328
17.98404884338379
14.02495002746582
11.791360855102539
10.328458786010742
9.291348457336426
8.535327911376953
7.948320388793945
7.477944850921631
7.350564479827881
31.155284881591797
20.112756729125977
15.246227264404297
12.667828559875488
11.07570743560791
9.959367752075195
9.070319175720215
8.430258750915527
-0.6862514019012451
8.034375190734863
5.479111194610596
4.969006538391113
25.72724151611328
16.09233856201172
12.61860179901123
10.049799919128418
9.00041389465332
31.396286010742188
27.841068267822266
30.964866638183594
19.311248779296875
15.069960594177246
12.583818435668945
10.90252685546875
9.761558532714844
9.071529388427734
8.36877727508545
7.8482208251953125
7.455912113189697
7.115637302398682
6.8415045738220215
6.645982265472412
6.497854709625244
6.42466402053833
7.669321537017822
30.9038143157959
19.42985725402832
14.604767799377441
13.966680526733398
22.64215850830078
20.1193790435791
31.439678192138672
18.80841636657715
14.347450256347656
12.19864273071289
10.152542114257812
8.614129066467285
27.702266693115234
17.335254669189453
13.434785842895508
11.327690124511719
9.997671127319336
9.08054256439209
8.410344123840332
8.274821281433105
0.8157317638397217
30.803586959838867
27.74962615966797
29.861982345581055
18.512147903442383
14.251382827758789
11.901082038879395
10.399986267089844
9.440023422241211
8.679130554199219
8.114923477172852
7.7713942527771
7.312185287475586
6.995360374450684
6.931808948516846
26.895471572875977
17.047754287719727
12.74985408782959
10.734855651855469
9.572772026062012
8.625297546386719
7.978144645690918
7.77546501159668
27.809402465820312
16.901592254638672
12.911602020263672
12.236268043518066
-0.9992344379425049
29.864646911621094
18.507505416870117
14.245635986328125
11.944536209106445
10.491753578186035
9.489581108093262
9.06626033782959
19.84722900390625
12.737444877624512
10.025758743286133
8.626537322998047
8.305479049682617
19.62141990661621
32.54425811767578
19.320785522460938
14.794517517089844
12.201587677001953
10.67149543762207
10.360954284667969
11.686249732971191
24.334957122802734
21.42823028564453
29.863353729248047
20.585290908813477
-1.12783944606781
17.33539581298828
11.056640625
8.86588191986084
7.78424596786499
7.039257049560547
0.812895655632019
19.192462921142578
17.056968688964844
20.69325065612793
18.533504486083984
25.34731674194336
22.575593948364258
18.65677833557129
11.87548828125
9.857094764709473
8.367505073547363
8.01745891571045
-0.4756155014038086
10.728191375732422
7.1214752197265625
6.0849480628967285
5.423993110656738
5.126969814300537
4.772407054901123
26.888837814331055
23.9118595123291
25.76605987548828
22.912181854248047
30.947738647460938
27.624727249145508
0.28883180022239685
31.08203125
19.435569763183594
14.8817720413208
14.220848083496094
19.30389404296875
11.429213523864746
9.084282875061035
21.474994659423828
19.0410099029541
15.218376159667969
9.486187934875488
7.642910957336426
7.258449554443359
0.6112489700317383
20.361953735351562
13.123003005981445
10.069367408752441
8.528841018676758
31.246721267700195
27.683889389038086
9.279977798461914
21.936439514160156
19.34140968322754
0.05433572828769684
12.223699569702148
8.149863243103027
6.474905014038086
6.133331775665283
15.933241844177246
13.992640495300293
19.385013580322266
17.038402557373047
27.706998825073242
16.810503005981445
13.003195762634277
10.97018814086914
9.805970191955566
8.811031341552734
8.067201614379883
7.5449910163879395
7.1579108238220215
6.904571056365967
6.544006824493408
6.317298889160156
6.115387916564941
5.950707912445068
5.871555805206299
6.542022228240967
13.303203582763672
8.401314735412598
6.903853893280029
6.152186393737793
5.7335524559021
5.454357147216797
5.259555816650391
5.107032299041748
23.224863052368164
14.674666404724121
11.502466201782227
9.66329288482666
8.181438446044922
6.951125621795654
6.619030952453613
19.882652282714844
14.304821968078613
1.5260331630706787
17.998088836669922
20.95966339111328
13.527606010437012
12.024410247802734
-0.8731094002723694
20.55381965637207
18.166994094848633
26.75575828552246
16.962703704833984
13.142740249633789
10.763086318969727
2.875537633895874
-0.22979815304279327
25.830707550048828
16.233272552490234
12.478927612304688
10.201906204223633
9.024862289428711
8.218099594116211
8.004752159118652
23.056766510009766
14.212491035461426
11.00205135345459
10.510276794433594
2.688167095184326
0.8010806441307068
29.89137840270996
26.637062072753906
18.93429183959961
11.650805473327637
10.053214073181152
22.66899299621582
14.550127029418945
11.359720230102539
9.670080184936523
8.733248710632324
7.984323501586914
7.7701802253723145
13.711929321289062
9.119691848754883
7.584753513336182
7.195929050445557
1.803605556488037
19.85836410522461
12.38214111328125
11.783697128295898
20.37901496887207
12.886730194091797
10.028839111328125
8.608169555664062
7.777212142944336
7.170996189117432
6.730058670043945
6.428473472595215
6.078367710113525
5.7987565994262695
5.596196174621582
5.4973273277282715
23.62542152404785
19.5257625579834
12.965205192565918
7.369856834411621
6.139799118041992
5.7730302810668945
0.8809909820556641
14.93343734741211
9.368610382080078
7.397029876708984
6.3814239501953125
5.9573073387146
5.780378341674805
30.017004013061523
27.83941650390625
30.017004013061523
27.386810302734375
5.5503153800964355
3.8249807357788086
3.406097412109375
0.6467434763908386
28.93368911743164
18.19209098815918
14.02013111114502
12.877476692199707
27.938146591186523
17.708284378051758
13.520173072814941
11.101576805114746
9.71446704864502
8.768708229064941
8.063017845153809
7.5308661460876465
7.197750568389893
6.8324666023254395
6.617558479309082
6.299492835998535
6.066104412078857
6.012724876403809
21.579355239868164
13.607219696044922
12.972813606262207
31.29932975769043
19.200586318969727
14.467720031738281
13.809874534606934
-0.13894003629684448
20.1292667388916
12.658987045288086
9.870063781738281
9.374616622924805
25.988128662109375
16.478992462158203
15.722854614257812
11.696423530578613
7.162417411804199
5.8094329833984375
5.108166217803955
4.656749248504639
4.33214807510376
4.25193452835083
4.301349639892578
27.93972396850586
17.25177001953125
12.78028392791748
10.528432846069336
9.08741569519043
8.328571319580078
7.569376468658447
6.839363098144531
6.444404125213623
6.102933883666992
6.032283306121826
2.287611722946167
12.605551719665527
8.246541976928711
6.751490116119385
6.008399486541748
5.603228569030762
5.149806976318359
4.993951797485352
4.784637451171875
4.652074337005615
4.488896369934082
4.370936870574951
4.29779052734375
4.259541988372803
4.199294567108154
4.091076850891113
4.044556140899658
17.26017951965332
11.318403244018555
10.731709480285645
18.81916046142578
12.014001846313477
8.963155746459961
7.9424028396606445
-0.09438273310661316
0.9880037903785706
20.094026565551758
12.301820755004883
9.812384605407715
8.300386428833008
-0.5126420259475708
10.112953186035156
9.16779613494873
8.971693992614746
7.388706684112549
3.215975046157837
16.64440155029297
10.236701011657715
8.191571235656738
6.912890911102295
6.2608418464660645
4.016872406005859
3.1940555572509766
2.985344409942627
2.838266611099243
19.354961395263672
13.605101585388184
9.684830665588379
0.10195460915565491
2.366220712661743
1.9648545980453491
1.6863104104995728
3.7975029945373535
9.25822639465332
6.562487602233887
5.692213535308838
15.750870704650879
11.548332214355469
1.049222469329834
12.852639198303223
7.718963146209717
6.204569339752197
5.465137004852295
5.374522686004639
4.719727516174316
-0.705903172492981
-0.4868427515029907
-0.12309923022985458
24.043272018432617
21.20639419555664
8.764223098754883
4.895844459533691
4.0144500732421875
3.7673797607421875
5.859838962554932
4.927393913269043
3.1410627365112305
2.457836866378784
6.017085075378418
-0.46096426248550415
-0.04572036862373352
1.2224195003509521
9.709393501281738
6.404814720153809
13.52416706085205
-0.38161391019821167
-0.11853054910898209
18.56829071044922
11.158690452575684
8.888713836669922
7.282433986663818
6.9574408531188965
-0.32259422540664673
14.943614959716797
9.303677558898926
9.934165954589844
5.607588291168213
4.953842639923096
-0.1523953527212143
12.830453872680664
11.688359260559082
11.22702407836914
9.834358215332031
9.047653198242188
7.361911773681641
14.825469970703125
9.434828758239746
7.473235130310059
5.956764221191406
6.642005920410156
5.891550540924072
13.345891952514648
7.487114906311035
6.182946681976318
1.0962318181991577
1.133527159690857
1.4290186166763306
1.6784054040908813
1.557207465171814
0.10225216299295425
7.063968181610107
5.086086750030518
4.115293979644775
3.671812057495117
3.399942398071289
3.2219676971435547
18.330310821533203
11.283279418945312
8.935673713684082
7.557742595672607
6.634957313537598
5.869574546813965
5.697508335113525
3.740257740020752
3.0479423999786377
2.3258960247039795
2.0341498851776123
1.6802430152893066
1.4695993661880493
1.398182988166809
8.269475936889648
4.901679039001465
4.4720048904418945
6.34631872177124
4.7309441566467285
12.126073837280273
7.378936767578125
6.575258731842041
3.234867811203003
1.7696893215179443
25.429075241088867
23.122806549072266
0.9478485584259033
0.662810742855072
4.0941548347473145
7.76881217956543
-0.17788442969322205
5.752697467803955
4.072556495666504
3.279111862182617
-0.6208130717277527
12.461091995239258
10.897961616516113
7.965040683746338
7.153469562530518
8.695707321166992
6.145422458648682
4.9938740730285645
3.9914233684539795
21.267017364501953
12.884432792663574
10.199962615966797
8.849409103393555
7.662186622619629
6.911496639251709
6.811755180358887
13.785131454467773
10.586978912353516
4.777112007141113
3.3427841663360596
2.940077066421509
2.9621801376342773
2.9776272773742676
3.0005242824554443
3.061506748199463
2.985419988632202
2.961045742034912
24.303327560424805
21.567468643188477
20.508869171142578
13.040680885314941
10.237977981567383
8.488924026489258
8.010333061218262
27.15652084350586
17.24730110168457
12.341622352600098
11.62090015411377
-0.35791823267936707
0.5644936561584473
28.96556282043457
18.156864166259766
13.218860626220703
11.090439796447754
9.590447425842285
8.522124290466309
7.825263500213623
13.55075740814209
7.994534969329834
7.213003158569336
19.52430534362793
11.491170883178711
9.11131763458252
-0.7907785177230835
27.759536743164062
17.325719833374023
13.206938743591309
11.037090301513672
3.1589603424072266
20.311683654785156
18.665803909301758
1.7107915878295898
4.080149173736572
14.317675590515137
9.210572242736816
7.557563304901123
7.16746187210083
-0.08499633520841599
17.659297943115234
11.497998237609863
9.163895606994629
8.71611499786377
0.004322465043514967
3.886686325073242
32.93051528930664
29.319061279296875
27.745485305786133
16.6075496673584
14.033230781555176
13.155689239501953
18.128456115722656
15.993898391723633
9.783171653747559
11.960348129272461
7.525269508361816
6.27937650680542
5.109763145446777
4.885552883148193
31.499643325805664
29.187217712402344
22.303077697753906
19.755088806152344
8.58145809173584
7.298117637634277
-0.40435537695884705
11.581840515136719
10.488370895385742
30.05116081237793
18.88831901550293
14.34866714477539
11.767826080322266
10.14892864227295
9.184066772460938
8.329766273498535
7.623594284057617
7.185783386230469
6.865605354309082
6.755736351013184
25.627975463867188
15.934272766113281
12.3667631149292
11.976737976074219
25.627975463867188
16.3358211517334
12.6737060546875
10.404580116271973
-0.11944359540939331
17.146682739257812
10.874731063842773
8.721437454223633
7.556809902191162
6.81188440322876
6.6636762619018555
24.28464698791504
15.081066131591797
11.767416954040527
10.194573402404785
9.036931037902832
8.750435829162598
13.669593811035156
9.915972709655762
20.2598819732666
12.815084457397461
9.867715835571289
8.445822715759277
7.611517906188965
7.057119369506836
6.504775047302246
6.4058918952941895
4.833064079284668
31.133113861083984
27.91058921813965
16.986339569091797
15.68999195098877
13.672562599182129
8.381834030151367
7.741242408752441
31.133113861083984
19.941848754882812
14.692438125610352
12.081215858459473
10.527969360351562
9.426892280578613
8.622557640075684
8.054655075073242
7.598782539367676
7.464921951293945
0.014468327164649963
17.59653091430664
11.376255989074707
9.216276168823242
8.02060317993164
7.259923458099365
6.866299152374268
6.371860980987549
-0.0065125697292387486
31.145771026611328
19.628538131713867
15.138736724853516
12.963350296020508
11.214886665344238
10.055628776550293
9.207829475402832
8.586648941040039
7.978701114654541
7.566481590270996
7.209570407867432
6.98205041885376
6.672387599945068
6.485716819763184
6.443405628204346
26.690244674682617
16.72055435180664
12.684508323669434
10.62234878540039
9.304883003234863
8.555647850036621
0.6276720762252808
19.480892181396484
11.99520206451416
8.895014762878418
8.372268676757812
31.068668365478516
19.57988166809082
15.098438262939453
12.841503143310547
11.044634819030762
7.010984897613525
31.068668365478516
19.68982696533203
15.167130470275879
14.557149887084961
-0.4266570508480072
6.968320846557617
1.032473087310791
16.461538314819336
10.499529838562012
8.23947525024414
7.201168537139893
6.502717018127441
6.0417585372924805
5.727400779724121
5.5783772468566895
27.70894432067871
24.695026397705078
10.675960540771484
29.871488571166992
26.611650466918945
7.807669162750244
19.52587890625
12.413061141967773
9.749878883361816
8.195377349853516
7.408756732940674
6.845506191253662
6.4839186668396
6.1434125900268555
5.884705543518066
5.68897008895874
5.505995750427246
5.383680820465088
5.270516872406006
5.15936803817749
5.0836687088012695
4.984208106994629
4.9134626388549805
4.8600640296936035
4.8080925941467285
4.7560200691223145
4.7246785163879395
4.688962936401367
4.676413536071777
4.6303935050964355
4.595240592956543
4.577496528625488
4.539700984954834
0.6534669399261475
0.2842220962047577
32.54145431518555
29.05076026916504
18.271778106689453
16.81675910949707
27.809024810791016
16.51300048828125
15.289518356323242
26.238435745239258
16.462831497192383
12.94871997833252
10.963937759399414
9.487438201904297
8.527790069580078
8.31148624420166
3.8410730361938477
31.02092742919922
20.251930236816406
18.1026668548584
31.02092742919922
19.875259399414062
18.672529220581055
25.779048919677734
16.586313247680664
12.696149826049805
12.085776329040527
-0.0181988924741745
2.078610420227051
31.027223587036133
20.061330795288086
18.88142204284668
3.353922128677368
2.8445239067077637
2.7897355556488037
2.7646026611328125
2.929553508758545
2.978823661804199
3.0261476039886475
3.1294162273406982
3.223327398300171
3.2593610286712646
29.881563186645508
18.753896713256836
14.350606918334961
12.075644493103027
10.467508316040039
10.193402290344238
25.367313385009766
16.048608779907227
12.389503479003906
10.51677417755127
9.441787719726562
9.21751880645752
0.053026437759399414
30.98054313659668
19.597742080688477
14.793594360351562
12.214747428894043
10.682404518127441
9.638480186462402
9.472273826599121
18.311498641967773
16.13701629638672
26.247392654418945
16.514616012573242
12.93847942352295
10.736841201782227
9.394280433654785
9.14227294921875
10.282363891601562
9.210060119628906
0.4211331009864807
15.066466331481934
10.047018051147461
9.305801391601562
25.354799270629883
15.87194538116455
14.94900131225586
30.957151412963867
27.84088897705078
29.867431640625
27.827491760253906
-0.17552879452705383
32.539127349853516
29.132999420166016
16.18748664855957
10.16052532196045
8.333257675170898
6.977163314819336
6.366206645965576
6.0527167320251465
5.606639385223389
5.4524688720703125
26.81818199157715
24.86534309387207
23.68405532836914
15.05864143371582
11.611586570739746
11.043913841247559
-0.4033883213996887
16.24986457824707
14.20711898803711
10.729243278503418
9.649276733398438
24.738115310668945
15.341197967529297
14.366456031799316
28.69537925720215
18.05436134338379
13.853271484375
11.821008682250977
10.252331733703613
9.30589485168457
8.603271484375
8.127825736999512
7.781185150146484
-0.17553037405014038
19.874637603759766
12.207205772399902
9.377557754516602
8.218451499938965
7.85125732421875
26.359773635864258
21.911163330078125
19.31861686706543
12.421308517456055
9.655227661132812
8.348405838012695
8.16585922241211
23.26845932006836
21.449987411499023
-0.4013497233390808
27.75400733947754
24.75339698791504
5.642327308654785
25.50356101989746
16.222578048706055
12.554670333862305
10.619670867919922
9.466720581054688
8.495357513427734
7.893011569976807
7.4980340003967285
7.066015243530273
6.74560022354126
10.591694831848145
7.241086006164551
6.002323627471924
5.463323593139648
4.896772861480713
4.685686111450195
4.545280456542969
4.4597086906433105
4.409603118896484
4.437122344970703
4.365641117095947
4.280486106872559
2.102485418319702
16.704832077026367
9.68936538696289
8.90278434753418
12.844343185424805
9.326990127563477
9.119131088256836
7.052393436431885
5.116516590118408
3.617199659347534
3.328052282333374
3.144602060317993
3.2452704906463623
3.0800745487213135
-0.13963328301906586
18.252153396606445
11.58508014678955
8.73917007446289
7.516500949859619
6.803627014160156
6.4345383644104
5.958992958068848
5.655452251434326
5.520969867706299
3.0097174644470215
20.590517044067383
12.972512245178223
12.060132026672363
11.529458045959473
7.855407238006592
7.469888210296631
-0.3245520293712616
18.65606689453125
11.587740898132324
10.989974975585938
10.60921573638916
6.896811008453369
5.418388366699219
4.953172206878662
4.812769889831543
4.200108051300049
12.422195434570312
8.429733276367188
6.658974647521973
5.916016578674316
5.4090375900268555
4.631344795227051
4.458053112030029
4.323864459991455
16.239852905273438
9.467631340026855
1.9550623893737793
1.445977807044983
11.13242244720459
7.360175132751465
6.7944746017456055
3.3693771362304688
1.9140294790267944
1.5197502374649048
1.3562264442443848
1.222245693206787
8.479161262512207
7.300671100616455
20.800273895263672
11.827916145324707
10.992594718933105
-0.45216187834739685
10.771066665649414
9.578750610351562
17.240230560302734
10.795548439025879
8.488961219787598
7.071119785308838
6.8210978507995605
0.9605690240859985
0.45848584175109863
0.445882648229599
0.5952108502388
1.0273874998092651
0.8588351011276245
3.653096914291382
3.2170441150665283
2.2829182147979736
2.063035249710083
12.943024635314941
7.869670391082764
6.3575334548950195
5.271753311157227
4.9307332038879395
0.6712603569030762
16.101404190063477
14.366697311401367
-0.49262407422065735
11.576423645019531
10.387730598449707
9.321478843688965
5.064335823059082
4.459621906280518
7.635520935058594
5.224914073944092
3.5977542400360107
3.246805191040039
3.089816093444824
1.4166419506072998
5.0269060134887695
3.3917458057403564
5.15042781829834
3.50740385055542
2.6352407932281494
2.323464870452881
2.0403478145599365
1.9269139766693115
8.288515090942383
0.45890215039253235
0.5123708248138428
0.5011782646179199
-0.42619192600250244
6.635636806488037
5.708351135253906
10.456859588623047
7.386285781860352
5.842390060424805
5.5671491622924805
16.62120246887207
14.52211856842041
2.080940008163452
1.6551415920257568
-0.75103759765625
-0.2429087609052658
18.99663543701172
12.21835994720459
9.001479148864746
5.120934009552002
2.9816384315490723
2.032912492752075
15.071178436279297
9.895003318786621
7.512845993041992
-0.4479517638683319
9.975202560424805
25.268796920776367
14.383021354675293
11.179064750671387
9.309334754943848
8.304571151733398
19.59880256652832
10.932876586914062
1.907137155532837
1.6807464361190796
1.8876699209213257
1.998659610748291
1.829899787902832
11.802063941955566
-0.16657669842243195
3.7576651573181152
2.6311259269714355
2.5387985706329346
2.4025990962982178
2.292999505996704
4.5466628074646
6.1841840744018555
-0.4618443250656128
8.558093070983887
7.392518997192383
18.05887222290039
16.47003746032715
-0.0643376037478447
14.78421688079834
13.367733001708984
1.5980793237686157
10.057748794555664
6.647899627685547
2.5885398387908936
3.875474452972412
8.536173820495605
7.246714115142822
0.90678471326828
-0.13389520347118378
9.599735260009766
6.354868412017822
5.081078052520752
4.478086471557617
-0.4286830425262451
14.03531265258789
8.519543647766113
6.6977691650390625
5.7506608963012695
4.690220832824707
4.246494293212891
4.142660617828369
-0.6371769309043884
7.596578121185303
5.298142910003662
-0.12600180506706238
27.234006881713867
24.38892364501953
10.082541465759277
7.22087287902832
-0.024881942197680473
3.9372708797454834
3.0539090633392334
2.911060333251953
2.72076153755188
24.662425994873047
21.933698654174805
1.6828910112380981
1.3555630445480347
13.699673652648926
12.01165771484375
-0.06756749004125595
22.777299880981445
20.03365707397461
8.108696937561035
6.113182067871094
5.088779449462891
4.764448165893555
6.001812934875488
3.5561587810516357
3.2701456546783447
0.010271145030856133
-0.09787958115339279
0.04690796136856079
1.3846875429153442
8.371116638183594
5.497806549072266
4.450110912322998
3.971254825592041
3.757972002029419
13.516921043395996
8.409152030944824
13.36889362335205
8.586352348327637
6.707246780395508
5.814053535461426
5.1627984046936035
4.916842460632324
4.796064376831055
1.188197374343872
27.93326759338379
17.291967391967773
12.537158012390137
9.596030235290527
8.169589042663574
7.157141208648682
6.5481719970703125
6.389692783355713
0.9049334526062012
3.1280577182769775
21.8314266204834
13.427214622497559
10.205848693847656
8.4515380859375
7.303873538970947
6.4333600997924805
5.848637104034424
16.898847579956055
10.761451721191406
8.282132148742676
6.983499526977539
6.293521404266357
5.7024431228637695
5.599256992340088
-0.7636020183563232
25.92048454284668
15.579567909240723
14.539371490478516
4.479194641113281
3.0964367389678955
2.790135383605957
0.6565847396850586
-0.5064412355422974
31.90218162536621
29.55162239074707
13.307427406311035
8.669262886047363
6.9166107177734375
6.108020782470703
5.499992847442627
5.186233043670654
4.956390380859375
4.576109886169434
4.372455596923828
4.311265468597412
26.658369064331055
16.820335388183594
12.9110107421875
10.975608825683594
9.626439094543457
9.308208465576172
4.853177547454834
14.850656509399414
9.556509017944336
7.760799407958984
6.8125433921813965
6.487435340881348
18.860700607299805
12.097626686096191
29.920591354370117
26.673843383789062
25.602270126342773
16.009546279907227
12.620187759399414
-0.7724619507789612
25.85051727294922
22.947847366333008
14.021661758422852
9.4664306640625
7.305197715759277
6.457278728485107
6.061688423156738
5.547069549560547
5.341343402862549
5.168985843658447
5.104394435882568
-0.14110441505908966
27.582735061645508
24.470191955566406
0.2079317420721054
25.401737213134766
23.47039031982422
19.863428115844727
0.5608322024345398
24.42131233215332
15.40872859954834
14.77071762084961
1.1153007745742798
13.632320404052734
11.69833755493164
16.696800231933594
14.707131385803223
15.061111450195312
9.679186820983887
7.846517562866211
6.780422687530518
6.326943874359131
5.795668125152588
5.433797359466553
5.214609622955322
4.9245686531066895
4.817836761474609
15.943684577941895
9.731575965881348
7.621706962585449
6.926995277404785
7.5997443199157715
5.594025611877441
4.520645618438721
3.9398910999298096
3.0757994651794434
2.7204151153564453
0.6925966739654541
26.03643226623535
16.845935821533203
-0.5827280879020691
24.195335388183594
15.192989349365234
11.212910652160645
10.394682884216309
13.956665992736816
8.646284103393555
8.144952774047852
17.750146865844727
15.546173095703125
18.250654220581055
11.105484008789062
8.758651733398438
8.090571403503418
-0.08759637922048569
6.918198585510254
18.718467712402344
15.590577125549316
21.541210174560547
14.025131225585938
10.743990898132324
7.1802263259887695
5.8231425285339355
5.557505130767822
2.3694632053375244
1.902462124824524
13.823223114013672
7.868011474609375
6.367778301239014
6.021417140960693
6.718923091888428
5.451092720031738
14.85728931427002
17.02280616760254
13.699442863464355
-0.46510031819343567
3.8904988765716553
14.013158798217773
8.685189247131348
6.739273548126221
31.474594116210938
18.42376136779785
13.60938835144043
12.97288703918457
-0.6219109296798706
3.4046144485473633
16.923240661621094
10.854442596435547
15.033044815063477
9.722851753234863
17.998353958129883
10.954325675964355
7.825164794921875
7.389101505279541
15.462797164916992
9.70102596282959
8.951045989990234
0.0010106628760695457
12.396768569946289
8.540657043457031
12.922149658203125
9.698812484741211
8.305240631103516
-0.045736685395240784
-0.04702208191156387
9.062475204467773
6.086649417877197
5.2981133460998535
5.054293155670166
19.695466995239258
11.665672302246094
8.838489532470703
7.281435489654541
6.982941627502441
12.918218612670898
8.720172882080078
6.19882869720459
4.229313850402832
3.9068169593811035
-0.21120648086071014
1.5733585357666016
-0.23216935992240906
1.2329314947128296
1.0180996656417847
0.8831618428230286
0.7383992075920105
1.0376907587051392
1.196520447731018
1.0773050785064697
1.013465404510498
13.311448097229004
3.7849984169006348
3.198914051055908
10.856552124023438
9.779069900512695
21.181325912475586
13.478373527526855
9.859797477722168
9.367586135864258
10.293008804321289
6.831989765167236
5.3766889572143555
5.12963342666626
4.206323146820068
13.603127479553223
9.06528377532959
8.358443260192871
20.013980865478516
17.685441970825195
27.851659774780273
16.87343978881836
12.718481063842773
12.26728630065918
32.14094924926758
28.268312454223633
-0.7088222503662109
26.664958953857422
23.41698455810547
3.007648468017578
18.068239212036133
11.599040031433105
8.99292278289795
7.804879665374756
7.108007431030273
6.636678218841553
6.149137020111084
5.98687744140625
15.142264366149902
9.809582710266113
7.886881351470947
6.829301834106445
5.76466178894043
4.676269054412842
4.354222297668457
4.225671768188477
3.9356937408447266
3.8520917892456055
10.699148178100586
17.149059295654297
10.43912124633789
8.377242088317871
7.296921253204346
6.651832580566406
6.305120944976807
5.823238372802734
5.680692672729492
16.450349807739258
14.52269458770752
31.154865264892578
27.42083740234375
13.44540786743164
0.2410717010498047
31.14865493774414
19.630512237548828
14.843097686767578
12.340855598449707
11.044133186340332
7.734110355377197
5.469444751739502
4.794683933258057
4.653257369995117
4.475649833679199
3.0676474571228027
24.79087257385254
15.4865140914917
14.494587898254395
-0.4227849841117859
16.4975643157959
14.779586791992188
22.104459762573242
13.173345565795898
25.341960906982422
15.02132797241211
11.491540908813477
9.72291374206543
9.516328811645508
26.2831974029541
16.692276000976562
12.9093656539917
10.904254913330078
9.652924537658691
8.796314239501953
8.208885192871094
7.722594738006592
7.534334659576416
0.44265127182006836
23.10041046142578
17.45878791809082
25.602453231811523
22.770105361938477
-0.17299410700798035
22.168537139892578
14.010246276855469
12.358667373657227
0.15071912109851837
23.538463592529297
15.315003395080566
11.42977523803711
9.734711647033691
8.679739952087402
7.933220863342285
7.3836669921875
6.920548439025879
6.7714314460754395
21.618471145629883
13.699618339538574
10.835897445678711
9.478216171264648
8.33232593536377
7.760091781616211
7.119584083557129
7.025310516357422
28.82427978515625
25.568668365478516
0.004407647997140884
