1
1
1
2
0
2
1
1
1
0
0
5
2
2
6
2
1
1
1
0
1
3
6
7
4
1
0
20
23
4
2
7
11
7
9
3
9
11
9
15
1
9
8
37
22
2
3
9
10
1
3
7
1
6
4
1
8
27
7
10
9
147
116
28
9
1
99
223
96
27
1
87
11
19
10
1
4
10
276
50
10
35
69
11
27
3
57
16
6
6
6
15
13
18
5
1
3
24
11
8
4
11
5
18
6
2
29
14
7
5
2
6
96
8
9
10
10
65
49
31
3
30
59
10
3
4
11
117
1
133
1
9
10
19
211
12
11
17
10
19
7
10
44
12
67
4
38
106
16
40
6
20
11
8
19
4
8
10
9
9
1
53
5
6
8
1
6
35
20
10
1
30
5
1
3
1
16
34
12
8
1
6
19
40
21
3
5
7
5
4
3
8
25
6
1
1
1
4
23
8
9
6
11
4
10
2
7
11
99
1
1
21
3
5
16
1
6
6
21
6
2
17
6
19
6
3
4
4
19
23
3
2
9
5
5
4
5
7
4
2
1
9
7
29
3
4
7
22
3
18
1
8
2
6
11
3
28
16
4
1
3
1
9
22
8
9
31
43
7
11
2
8
8
57
6
5
6
6
8
17
1
20
5
4
30
4
5
21
40
23
10
9
10
26
4
8
106
23
30
10
5
16
27
58
9
1
9
8
21
47
5
20
2
9
19
15
4
40
2
11
4
61
12
6
9
2
29
13
10
3
2
32
12
14
38
3
13
5
43
13
1
4
44
7
1
1
6
36
20
2
1
13
4
3
4
1
15
25
6
1
1
4
0
8
1
4
4
17
5
10
3
2
2
8
3
2
1
3
2
0
1
15
2
1
2
2
4
10
2
0
2
3
7
3
1
2
7
3
4
17
2
7
5
1
2
3
5
7
1
7
1
1
4
10
4
1
12
11
9
4
2
4
3
19
5
1
17
19
1
13
1
5
21
10
1
8
4
16
6
6
1
1
11
12
1
3
6
4
6
23
9
12
11
17
7
3
1
10
9
20
6
15
7
5
1
2
7
10
21
57
5
5
10
13
19
2
3
25
8
10
1
2
4
10
8
4
4
24
8
22
1
30
27
18
6
6
10
8
26
25
1
9
56
6
34
1
18
35
35
131
5
44
6
76
66
1
15
35
9
120
6
26
9
47
70
3
11
102
62
25
1
64
37
8
44
8
9
15
1
44
3
9
8
10
33
1
42
10
10
11
2
26
21
8
25
1
25
11
6
7
2
20
7
9
113
5
58
46
8
2
9
21
1
9
29
6
1
50
26
3
3
10
17
51
26
5
17
92
9
22
3
38
10
10
12
1
28
107
19
23
1
25
17
54
71
4
112
15
22
1
3
25
1
5
6
4
23
19
8
10
1
7
3
14
9
3
8
4
3
0
2
8
14
3
5
4
1
1
2
8
8
1
1
25
1
10
4
1
5
7
7
26
4
12
21
2
31
36
19
8
6
4
13
4
8
1
4
5
1
12
1
7
5
21
44
8
57
9
28
18
1
2
43
15
13
1
29
3
9
2
5
26
1
24
1
5
10
12
7
8
6
26
11
9
5
1
5
80
24
28
1
39
44
11
58
5
11
7
15
76
2
61
1
122
42
1
20
46
5
29
1
5
2
58
10
7
10
5
233
1
2
10
8
16
53
5
20
18
26
1
4
20
77
45
46
2
53
8
45
6
1
16
20
11
10
1
10
59
9
26
1
7
5
19
79
1
31
10
34
8
1
10
4
92
92
4
12
10
6
34
1
64
2
16
16
1
15
37
49
7
6
11
10
4
9
1
4
24
2
20
6
8
22
2
8
1
6
6
16
2
6
3
20
5
11
1
4
21
6
2
1
17
5
3
19
1
5
35
11
23
6
1
22
4
4
1
5
7
1
6
3
7
3
4
4
3
1
23
1
27
1
13
1
9
5
2
16
8
5
7
2
9
20
7
2
1
3
23
11
38
4
39
2
3
40
6
38
1
14
10
3
1
11
63
41
5
31
13
10
19
1
10
66
1
9
2
8
9
2
17
3
5
8
66
24
6
8
8
2
14
1
22
14
5
22
2
5
9
12
21
5
16
3
7
7
1
4
15
18
1
5
13
11
14
10
2
13
7
6
1
1
22
22
7
9
3
2
1
9
11
8
4
6
16
19
5
15
7
23
11
1
9
3
54
58
7
56
8
11
6
2
39
31
3
19
1
7
10
36
76
1
7
9
1
20
2
67
60
10
1
