0.0
0.10000000000000009
-5.45
-0.09999999999999998
0.0
-1.05
-0.8
3.1500000000000004
1.4500000000000002
0.6000000000000001
-2.45
-3.35
0.0
-0.1
-7.75
-0.1
-0.8999999999999999
-4.05
0.5
0.30000000000000004
-1.45
0.6000000000000001
1.7000000000000002
-0.5
0.0
-0.1
-0.1
4.6
0.30000000000000004
9.6
0.1
-0.1
11.3
3.2
5.3
0.1
9.45
6.7
17.6
0.7999999999999998
0.0
5.8
0.6000000000000001
9.8
61.6
0.30000000000000004
-0.1
40.7
0.5
90.7
0.20000000000000004
117.8
27.9
0.8999999999999999
9.7
0.4
44.4
0.7
54.9
0.6000000000000001
-0.1
80.3
27.9
0.8999999999999999
31.9
0.0
130.9
2.7
-0.1
0.7
0.30000000000000004
66.9
4.6
124.9
27.9
-0.1
20.9
16.8
-0.1
60.8
0.0
29.9
56.9
18.9
0.8999999999999999
0.0
70.9
19.8
0.7999999999999998
10.6
0.20000000000000004
79.9
0.8999999999999999
0.8999999999999999
0.8999999999999999
-0.1
10.9
0.30000000000000004
0.8999999999999999
68.9
-0.1
88.9
49.9
0.8999999999999999
49.9
-0.30000000000000004
-0.1
20.9
19.9
0.8999999999999999
0.30000000000000004
39.9
0.8999999999999999
40.9
-0.1
0.30000000000000004
30.9
120.8
59.9
0.7
-0.1
-0.1
130.7
10.9
129.8
-0.1
18.9
30.9
320.9
119.9
-0.1
39.8
20.9
200.9
-0.1
0.4
66.9
0.8999999999999999
98.9
130.9
-0.1
10.6
10.9
0.8999999999999999
10.9
0.0
0.8999999999999999
20.9
198.9
184.9
0.0
38.9
0.8999999999999999
20.9
0.8999999999999999
-0.1
50.9
88.9
10.9
0.8999999999999999
0.5
0.8999999999999999
0.8999999999999999
20.9
0.8999999999999999
0.0
28.9
20.9
78.9
136.9
0.20000000000000004
0.8999999999999999
40.9
50.8
40.9
-0.1
0.8999999999999999
148.9
0.8999999999999999
0.7999999999999998
0.5
3.9000000000000004
0.8999999999999999
20.9
49.9
0.0
0.8999999999999999
0.8999999999999999
89.9
-0.1
4.9
157.9
0.7
210.8
68.9
0.1
180.9
0.7999999999999998
10.9
0.8999999999999999
0.0
40.9
39.9
0.8999999999999999
207.9
-0.20000000000000007
30.9
10.9
-0.1
60.9
0.5
10.9
48.9
0.8999999999999999
30.9
0.4
60.9
19.9
40.9
50.9
0.0
328.9
230.8
-0.1
0.8999999999999999
0.0
10.9
40.9
0.8999999999999999
30.9
0.1
120.9
0.8999999999999999
0.8999999999999999
0.8999999999999999
0.30000000000000004
0.8999999999999999
70.9
0.7999999999999998
90.9
0.0
0.8999999999999999
0.8999999999999999
20.9
140.9
0.20000000000000004
80.9
140.9
0.8999999999999999
0.8999999999999999
0.6
0.8999999999999999
24.9
100.9
230.9
0.7999999999999998
0.8999999999999999
120.8
140.9
0.8999999999999999
0.0
50.9
170.9
20.9
10.9
-0.1
139.9
56.9
100.9
40.9
-0.1
0.8999999999999999
0.8999999999999999
158.9
20.9
0.20000000000000004
10.9
110.9
0.8999999999999999
0.8999999999999999
0.1
-0.1
0.8999999999999999
20.9
100.9
0.20000000000000004
0.8999999999999999
70.9
30.9
40.8
-0.1
0.8999999999999999
0.7999999999999998
70.9
160.9
0.30000000000000004
30.9
90.9
150.9
10.9
0.20000000000000004
10.9
80.9
20.9
40.9
-0.1
219.9
0.8999999999999999
0.8999999999999999
70.8
-0.1
160.9
20.9
0.8999999999999999
10.9
0.5
0.8999999999999999
149.7
190.9
40.9
0.1
0.8999999999999999
208.9
-0.1
10.9
0.30000000000000004
30.9
80.9
18.9
0.7
0.0
20.9
0.8999999999999999
60.8
50.9
0.20000000000000004
68.9
30.9
20.9
10.9
0.1
90.9
67.9
107.9
30.9
0.0
20.9
39.9
38.9
0.8999999999999999
0.30000000000000004
299.9
-0.1
60.9
-0.1
-0.1
260.9
60.9
29.9
40.9
-0.1
0.7999999999999998
0.8999999999999999
100.7
10.9
1.9
0.7999999999999998
0.8999999999999999
0.8999999999999999
0.8999999999999999
0.1
333.9
0.8999999999999999
80.9
130.9
-0.1
130.8
70.9
30.9
0.8999999999999999
0.30000000000000004
68.9
60.9
40.9
240.9
-0.1
20.8
50.9
0.8999999999999999
10.9
0.5
130.9
10.9
0.8999999999999999
0.8999999999999999
0.20000000000000004
88.9
0.8999999999999999
10.8
0.8999999999999999
0.5
0.7
80.9
50.7
100.9
0.1
50.9
20.9
78.9
60.9
0.20000000000000004
90.9
0.8999999999999999
0.8999999999999999
10.9
0.20000000000000004
10.9
130.9
0.8999999999999999
60.9
0.5
109.9
140.9
60.9
90.9
-0.1
10.9
190.9
10.9
90.9
-0.1
10.9
50.9
0.8999999999999999
99.9
0.7999999999999998
0.8999999999999999
0.8999999999999999
0.8999999999999999
139.9
0.1
159.9
100.9
0.8999999999999999
10.9
0.6
40.9
70.9
40.9
230.9
-0.1
-0.1
0.8999999999999999
90.9
0.8999999999999999
-0.1
260.9
40.9
40.9
20.9
0.0
10.9
70.9
0.8999999999999999
30.9
-0.1
40.9
20.9
10.9
0.8999999999999999
-0.1
10.9
0.8999999999999999
0.8999999999999999
0.8999999999999999
0.5
0.8999999999999999
280.9
80.9
20.9
-0.1
0.8999999999999999
110.9
50.9
10.9
0.0
40.9
0.8999999999999999
332.9
-0.1
-0.1
30.9
100.9
30.9
20.9
-0.1
0.8999999999999999
20.9
50.9
10.9
0.20000000000000004
18.9
110.9
0.8999999999999999
120.9
0.0
0.8999999999999999
150.9
30.9
40.9
-0.10000000000000009
10.9
210.9
70.9
-0.1
-0.1
0.8999999999999999
53.9
30.9
150.9
0.8999999999999999
100.9
10.9
100.9
30.9
-0.1
20.9
20.9
70.9
179.9
0.0
20.9
20.9
0.8999999999999999
80.9
0.0
0.8999999999999999
70.9
30.9
0.8999999999999999
-0.1
30.9
20.9
90.9
50.9
0.1
0.8999999999999999
90.9
220.9
-0.1
0.30000000000000004
60.9
0.8999999999999999
0.8999999999999999
0.8999999999999999
-0.1
190.9
100.9
0.8999999999999999
90.9
0.20000000000000004
10.9
70.9
20.9
100.9
-0.1
40.7
10.9
0.8999999999999999
0.8999999999999999
0.20000000000000004
170.9
0.8999999999999999
30.9
0.8999999999999999
-0.10000000000000009
0.8999999999999999
0.8999999999999999
10.9
100.9
1.9
0.8999999999999999
120.9
0.8999999999999999
90.9
0.5
40.9
0.8999999999999999
60.9
0.8999999999999999
-0.1
190.9
10.9
10.9
325.9
0.0
90.9
0.8999999999999999
80.9
130.9
0.4
10.9
0.8999999999999999
140.9
40.9
0.0
40.9
210.9
322.9
-0.1
0.1
10.9
10.9
80.9
277.9
0.0
0.8999999999999999
190.9
-0.1
0.8999999999999999
-0.1
210.9
210.9
328.9
-0.1
0.6
90.9
10.8
0.8999999999999999
99.8
0.1
0.8999999999999999
10.9
10.9
0.8999999999999999
0.30000000000000004
110.9
0.8999999999999999
10.9
19.9
0.1
0.8999999999999999
0.8999999999999999
19.9
90.9
0.0
160.9
0.8999999999999999
59.9
40.8
-0.1
0.8999999999999999
30.8
0.8999999999999999
0.7999999999999998
0.30000000000000004
10.9
70.8
40.8
88.9
0.1
0.8999999999999999
0.8999999999999999
7.9
39.9
-0.1
15.899999999999999
150.8
0.7
0.8999999999999999
0.30000000000000004
98.9
97.9
194.8
60.9
0.20000000000000004
177.9
0.8999999999999999
80.9
0.8999999999999999
0.0
90.9
60.9
10.9
160.7
0.30000000000000004
10.7
119.9
20.9
10.7
-0.1
0.8999999999999999
300.9
30.9
20.9
0.20000000000000004
58.9
78.8
50.9
29.9
0.1
88.9
0.7
90.9
10.7
-0.1
0.8999999999999999
59.9
78.9
60.9
0.0
0.30000000000000004
0.7999999999999998
0.8999999999999999
40.9
0.20000000000000004
50.9
138.9
138.9
59.9
0.6
0.7999999999999998
79.9
20.9
0.8999999999999999
0.20000000000000004
0.8999999999999999
39.9
159.9
0.8999999999999999
-0.1
40.9
0.8999999999999999
29.9
219.9
0.30000000000000004
0.7
160.9
80.9
134.9
0.4
160.9
190.9
180.9
0.8999999999999999
0.1
0.8999999999999999
0.8999999999999999
40.9
120.9
-0.1
0.8999999999999999
110.9
90.9
50.9
-0.1
90.9
10.9
60.9
10.9
0.0
100.9
30.9
0.8999999999999999
40.9
0.0
50.9
40.9
80.9
170.9
-0.1
30.9
0.8999999999999999
0.8999999999999999
150.9
-0.1
89.9
0.8999999999999999
20.9
20.9
0.20000000000000004
0.8999999999999999
0.8999999999999999
20.9
30.9
-0.1
50.9
0.8999999999999999
0.8999999999999999
30.9
0.1
60.9
0.8999999999999999
30.9
0.8999999999999999
0.5
30.9
160.9
149.9
0.8999999999999999
0.7
0.8999999999999999
190.9
20.9
30.9
0.30000000000000004
0.8999999999999999
140.9
0.8999999999999999
0.7999999999999998
0.05000000000000007
-46.85
-52.35
-47.85
-47.85
-0.9
-0.1
0.10000000000000009
2.95
0.20000000000000004
0.8999999999999999
1.9
0.0
0.0
0.25
-5.05
-52.35
-47.85
-48.85
-48.35
-4.85
-52.35
-47.85
-48.35
-48.85
-4.85
-52.35
-47.85
-48.35
-48.35
-4.85
-51.85
-52.35
-48.35
-47.85
-4.85
-52.35
-48.35
-46.85
-51.85
-5.35
-51.85
-46.85
-49.35
-46.85
-5.35
-49.85
-47.35
-47.85
-48.35
-4.85
-51.85
-51.85
-51.85
-51.85
-5.35
-51.85
-51.85
-51.85
-51.85
-5.35
-51.85
-51.85
-52.35
-48.35
-4.85
-49.85
-47.35
-43.35
-46.85
-5.35
-46.85
-51.85
-51.85
-52.35
-4.85
-51.85
-52.35
-47.85
-48.85
-4.85
-52.35
-48.85
-48.85
-48.35
-4.85
-52.35
-47.85
-48.85
-45.35
-4.85
-52.35
-48.85
-48.85
-49.35
-4.85
-52.35
-48.35
-48.35
-47.85
-4.85
-52.35
-47.35
-48.85
-48.35
-4.85
-52.35
-48.35
-48.35
-48.85
-4.85
-52.35
-48.35
-48.85
-47.85
-4.85
-52.35
-7.2
-52.35
-48.85
-0.1
-22.85
-30.35
-5.85
-13.85
-0.30000000000000004
80.9
70.9
0.8999999999999999
100.9
0.1
190.9
70.9
100.9
0.8999999999999999
0.20000000000000004
40.9
40.9
0.8999999999999999
60.9
0.4
0.8999999999999999
80.9
190.9
200.9
-0.1
40.9
0.8999999999999999
110.9
50.9
0.20000000000000004
0.8999999999999999
40.9
0.8999999999999999
60.9
0.0
40.9
140.9
50.9
50.9
0.0
70.9
10.9
70.9
0.8999999999999999
0.1
100.9
30.9
30.9
180.9
0.6
0.8999999999999999
190.9
60.9
0.8999999999999999
0.5
110.9
0.8999999999999999
0.8999999999999999
60.9
0.30000000000000004
50.9
0.8999999999999999
70.9
80.9
0.6
40.9
0.8999999999999999
50.9
250.9
-0.1
0.0
0.0
0.20000000000000004
0.20000000000000004
0.0
3.8
0.30000000000000004
-0.20000000000000007
0.1
0.1
0.1
0.0
0.0
0.4
0.5
0.1
0.1
0.20000000000000004
0.0
0.1
0.0
0.0
0.0
0.1
0.4
0.1
0.0
0.4
0.7999999999999998
0.1
0.0
0.0
0.0
0.0
-4.7
0.20000000000000004
0.1
-0.4
0.0
0.5
0.1
0.0
0.0
0.20000000000000004
0.4
0.30000000000000004
0.4
0.4
0.4
0.1
0.1
0.0
0.20000000000000004
0.1
0.1
0.20000000000000004
0.1
-0.30000000000000004
0.5
0.1
2.3
0.0
0.0
0.4
-0.05
0.30000000000000004
0.0
0.0
0.0
0.5
0.20000000000000004
0.0
0.30000000000000004
0.1
0.15000000000000005
4.7
0.0
0.30000000000000004
0.20000000000000004
0.1
0.0
0.4
0.20000000000000004
0.0
-0.05
0.0
0.5
3.7
0.4
0.1
-0.65
0.1
-8.85
-0.55
1.3877787807814457e-17
0.30000000000000004
0.7
-0.30000000000000004
0.0
-0.15000000000000002
0.4
0.1
0.1
0.20000000000000004
-0.05
0.20000000000000004
0.4
0.20000000000000004
0.1
-0.1
-0.05
0.0
0.0
0.1
-0.1
0.0
0.0
0.7
0.30000000000000004
0.0
0.30000000000000004
0.30000000000000004
0.0
0.0
0.15000000000000005
0.0
0.7
0.20000000000000004
0.0
0.1
0.1
2.7
-0.05
0.0
0.30000000000000004
0.0
0.6000000000000001
0.0
0.1
-0.1
-8.85
0.5
0.0
-0.050000000000000044
0.05000000000000002
0.20000000000000004
0.0
0.0
0.0
0.30000000000000004
0.7999999999999998
0.0
0.1
0.0
-0.05
0.0
0.1
0.1
0.1
0.0
0.1
0.20000000000000004
0.20000000000000004
0.0
0.1
0.0
0.4
0.6000000000000001
0.0
0.0
0.4
0.4
0.20000000000000004
-0.05
-0.1
0.20000000000000004
0.1
-0.30000000000000004
0.20000000000000004
0.30000000000000004
0.20000000000000004
0.30000000000000004
0.6000000000000001
0.1
-0.1
0.20000000000000004
0.7
0.20000000000000004
-0.30000000000000004
2.0
-0.35
-1.35
0.7
0.1
1.3877787807814457e-17
-1.05
0.1
0.30000000000000004
-0.1
-0.7
0.1
0.5
0.1
0.0
-4.55
0.0
-0.30000000000000004
-0.09999999999999998
0.0
-4.55
0.4
0.30000000000000004
-0.30000000000000004
0.05000000000000002
0.1
0.0
0.0
0.4
0.0
0.0
0.0
-0.6
0.1
0.5
-0.1
0.0
0.0
0.1
0.0
0.20000000000000004
0.1
0.0
0.0
0.7
0.20000000000000004
0.20000000000000004
0.1
0.4
0.1
0.1
0.0
-0.05
0.20000000000000004
-0.05
-0.1
0.1
0.5
0.30000000000000004
0.30000000000000004
0.0
-0.15000000000000002
-0.09999999999999998
0.20000000000000004
0.4
0.1
0.4
-0.05
0.0
-1.0
-0.1
0.1
0.0
0.0
-0.6
0.20000000000000004
0.1
0.30000000000000004
0.0
0.1
0.4
2.7
-0.05
-0.4
0.5499999999999998
0.0
0.0
-0.05
0.0
-0.4
0.20000000000000004
0.0
0.5
0.0
0.5
0.0
0.0
0.0
0.7
0.1
0.0
0.1
0.0
0.1
0.20000000000000004
0.1
0.4
0.20000000000000004
0.20000000000000004
0.0
0.0
-0.30000000000000004
0.20000000000000004
0.1
7.699999999999999
-0.1
0.0
0.20000000000000004
0.5
0.4
0.1
0.20000000000000004
0.1
-0.05
2.7
0.0
0.4
0.3999999999999999
0.0
0.1
0.0
0.5
0.20000000000000004
0.0
0.0
0.1
0.1
0.6000000000000001
0.20000000000000004
0.0
-0.1
0.1
0.5
0.0
0.30000000000000004
-1.0
0.20000000000000004
0.0
-1.25
0.30000000000000004
-0.1
0.1
0.0
0.30000000000000004
0.1
0.20000000000000004
0.1
-0.30000000000000004
0.0
0.1
0.0
0.1
0.20000000000000004
0.1
0.0
0.20000000000000004
0.20000000000000004
0.0
0.1
0.0
-0.1
-0.30000000000000004
0.0
0.0
0.0
0.0
0.1
0.0
0.0
0.1
0.1
0.30000000000000004
0.1
0.0
0.0
-0.1
0.0
0.0
0.20000000000000004
0.20000000000000004
0.0
0.0
0.1
0.0
0.0
0.20000000000000004
0.1
0.0
0.4
0.0
-3.2
1.6
0.20000000000000004
0.1
0.20000000000000004
-0.1
0.0
0.10000000000000009
0.5
0.1
-0.1
0.0
0.1
0.30000000000000004
0.4
-0.05
0.30000000000000004
0.20000000000000004
0.05000000000000002
0.0
0.1
0.0
0.0
0.0
0.4
0.0
0.0
0.1
0.0
-0.65
-0.6
0.1
0.0
0.0
0.30000000000000004
-0.1
0.0
0.05000000000000002
0.30000000000000004
0.30000000000000004
-0.1
0.20000000000000004
-0.75
0.20000000000000004
0.0
-0.1
0.20000000000000004
0.05000000000000002
0.0
0.1
-0.1
0.1
0.0
0.0
0.0
-0.44999999999999996
0.30000000000000004
0.0
0.0
0.1
-0.1
0.1
0.1
0.1
0.30000000000000004
0.0
0.1
0.30000000000000004
0.20000000000000004
0.0
-0.1
0.0
0.0
0.20000000000000004
0.0
0.20000000000000004
0.20000000000000004
2.7
0.0
0.1
0.0
0.0
0.0
0.0
0.0
0.1
0.20000000000000004
0.0
0.30000000000000004
0.0
-0.05
0.0
0.30000000000000004
-0.8
-13.2
-0.1
0.15
-0.19999999999999996
0.050000000000000044
0.8999999999999999
0.0
-0.95
0.2999999999999998
-0.05
-7.8
-0.7999999999999999
0.20000000000000004
0.0
0.3999999999999999
0.20000000000000004
0.0
0.1
0.0
0.0
0.0
0.1
-0.30000000000000004
0.20000000000000004
-0.9
0.30000000000000004
-0.1
0.0
0.20000000000000004
0.30000000000000004
0.0
0.1
0.05000000000000002
0.05000000000000002
0.1
0.0
0.1
3.9000000000000004
0.1
1.35
0.5
0.0
0.30000000000000004
0.1
0.20000000000000004
0.05000000000000002
-0.1
0.05000000000000002
0.0
0.0
0.30000000000000004
0.1
-0.3500000000000001
-2.3
0.0
-1.0
-4.7
-52.85
-49.35
-49.3
-49.35
-0.1
2.5
0.1
-0.5
0.0
0.0
0.30000000000000004
0.1
0.0
0.0
0.1
0.0
0.1
0.0
0.1
0.20000000000000004
0.0
0.1
0.0
0.0
-0.1
-0.20000000000000007
0.20000000000000004
0.1
0.1
-0.1
0.20000000000000004
0.1
0.0
0.30000000000000004
0.30000000000000004
0.0
0.20000000000000004
0.5
0.20000000000000004
0.1
0.0
0.20000000000000004
0.30000000000000004
0.1
0.0
0.1
0.20000000000000004
0.1
-0.4
0.30000000000000004
0.30000000000000004
0.0
0.0
0.7999999999999998
-0.1
0.1
0.30000000000000004
0.20000000000000004
0.1
0.20000000000000004
0.1
0.0
2.8
0.30000000000000004
-0.1
0.1
0.1
0.0
0.30000000000000004
-0.1
0.20000000000000004
0.5
0.4
0.0
0.0
0.0
0.7999999999999998
0.30000000000000004
0.4
0.6000000000000001
0.0
0.0
-0.30000000000000004
-0.9
0.1
0.7
0.0
0.0
-0.30000000000000004
-1.1
0.20000000000000004
0.0
0.20000000000000004
0.0
0.5
0.20000000000000004
0.20000000000000004
0.0
9.8
0.1
1.0499999999999998
0.0
-3.0
0.1
-1.15
0.0
-5.05
-4.7
-4.4
-2.9
-5.25
-13.2
0.0
0.0
-4.6
-52.7
-49.35
0.0
-48.85
-4.85
-52.85
-48.35
-49.35
-49.35
-4.85
-52.85
-49.35
-48.85
-49.35
-4.75
-51.35
-52.85
-49.35
0.0
-4.85
-52.3
-49.35
-49.35
-48.3
-4.85
-46.85
-49.35
-46.85
-49.35
-4.85
-52.35
-49.3
-49.35
-16.85
-4.85
-52.8
-0.05
-49.35
0.0
-4.85
-6.35
-48.85
0.0
-49.35
-4.85
-52.35
-49.35
0.0
-49.35
-0.05
-48.35
-49.35
0.0
-49.35
-4.85
0.0
0.0
-0.2
-48.85
-4.85
-52.35
0.0
0.0
-49.35
-4.85
-52.35
-0.05
-49.35
-49.35
-4.85
-52.35
-49.85
-0.35
-48.35
-4.85
0.0
0.0
-49.35
-49.35
-4.85
-0.1
-49.3
-49.35
-49.35
-0.15000000000000002
-48.35
-49.35
-1.2
-49.15
-0.1
-48.35
-49.35
-49.35
-49.35
-4.85
-52.35
-49.35
-49.35
0.0
-4.85
0.0
-49.35
-49.35
-49.35
-0.15000000000000002
-47.85
-0.15000000000000002
-49.85
-49.35
-4.85
-52.35
-49.3
-48.85
-49.35
-0.05
-48.35
0.0
-49.35
-48.85
-4.85
-48.85
-46.85
-0.2
-46.85
-0.1
0.0
-0.05
0.0
-46.85
-5.35
-52.35
-49.35
-49.35
-48.85
-4.85
-52.85
0.0
-49.35
-49.35
-4.85
-52.85
-49.85
-0.1
-49.35
-4.85
-52.85
-49.85
0.0
-0.05
-4.85
-52.85
-49.3
-0.15000000000000002
0.0
-4.85
-52.85
-0.05
-49.35
-49.35
-4.85
-52.85
-49.35
-0.9
0.0
-4.85
-52.85
-48.85
-49.35
0.0
-4.85
-52.3
-49.35
-49.85
-49.35
-0.05
-48.35
-49.35
-49.35
-49.35
-0.05
-48.35
-49.35
-49.35
0.0
-4.85
-52.85
0.0
-0.1
-49.35
-4.85
-52.85
-49.35
-49.35
-49.35
-4.8
-52.35
-48.85
0.0
-48.85
-4.85
-53.35
0.0
0.0
0.0
-4.85
-52.35
-49.85
-49.35
-0.1
-4.85
-51.8
-52.85
-49.35
0.0
-0.1
-48.35
-49.35
-49.35
-49.35
-0.1
-47.85
0.0
-49.35
-49.35
-4.85
0.0
-49.35
-49.35
-49.2
-0.1
-48.35
-49.35
-49.85
0.0
-4.85
-52.85
0.0
-49.35
-49.35
-4.85
0.0
-49.35
-49.35
-49.35
-4.85
-52.85
0.0
0.0
-49.35
-4.85
-52.85
0.0
-0.15000000000000002
0.0
-4.85
-52.85
-48.85
-49.35
-0.15000000000000002
-4.85
-52.35
-48.85
-49.35
-49.35
-4.85
-52.35
-49.35
-48.85
0.0
-0.15000000000000002
-47.85
-49.3
-49.35
-49.85
-4.85
-52.85
-49.85
0.0
-49.35
-0.1
-48.35
0.0
-48.85
-49.35
-4.85
-52.85
-48.85
-49.35
-48.85
-4.85
-50.85
-52.85
-49.85
-49.35
-4.85
-52.85
-49.35
-47.85
-49.85
-1.5
0.0
0.0
0.05000000000000002
0.7
0.0
0.0
0.05000000000000002
0.0
0.0
0.4
0.1
0.30000000000000004
0.05000000000000002
0.1
-0.1
0.20000000000000004
0.0
0.05000000000000002
0.30000000000000004
0.1
0.05000000000000002
0.1
0.5
0.1
0.1
0.0
-0.30000000000000004
0.0
0.0
0.1
0.0
0.30000000000000004
0.20000000000000004
0.0
0.1
0.0
0.0
0.1
0.1
0.1
0.20000000000000004
-0.20000000000000007
0.0
0.05000000000000002
0.0
0.0
0.5
0.5
0.20000000000000004
0.20000000000000004
-0.30000000000000004
0.0
0.1
0.20000000000000004
0.30000000000000004
0.30000000000000004
0.0
0.0
0.4
-0.4
0.1
0.0
0.4
0.30000000000000004
-0.30000000000000004
0.0
0.05000000000000002
0.1
2.7
-0.1
0.20000000000000004
0.4
0.05000000000000002
3.7
0.0
0.4
-0.7
-0.05000000000000002
0.30000000000000004
0.15
0.4
0.05000000000000002
0.20000000000000004
0.05000000000000002
0.0
0.4
0.0
0.05000000000000002
0.0
-0.1
0.0
-0.05000000000000002
0.05000000000000002
0.1
0.4
0.30000000000000004
0.05000000000000002
0.30000000000000004
0.0
0.0
0.0
0.20000000000000004
0.0
0.0
0.0
0.0
0.0
-0.1
0.0
1.7000000000000002
0.0
0.0
-0.30000000000000004
0.05000000000000002
0.15000000000000005
0.0
0.05000000000000002
0.20000000000000004
0.0
1.2000000000000002
0.0
0.0
0.0
0.0
-0.1
-0.05000000000000002
0.5
0.0
0.0
1.3877787807814457e-17
0.30000000000000004
0.20000000000000004
0.0
-8.85
4.7
0.30000000000000004
0.30000000000000004
0.1
0.1
0.1
0.0
0.0
0.05000000000000002
0.0
-4.7
0.0
0.4
0.0
0.7
0.1
0.30000000000000004
0.05000000000000002
0.30000000000000004
0.0
-0.1
0.20000000000000004
0.0
0.0
0.05000000000000002
-0.1
0.0
0.0
0.30000000000000004
0.0
0.0
0.0
0.0
0.1
0.1
-0.1
0.5
0.1
-0.8
0.20000000000000004
0.15000000000000005
0.0
0.0
0.20000000000000004
0.0
0.0
0.0
0.20000000000000004
0.1
0.05000000000000002
0.0
0.05000000000000002
0.30000000000000004
0.0
0.0
-4.6
0.20000000000000004
0.19999999999999996
0.0
0.20000000000000004
-0.1
0.1
0.1
0.1
0.0
-0.05
0.1
0.30000000000000004
0.4
-0.6499999999999999
0.0
0.0
0.20000000000000004
0.0
0.20000000000000004
0.0
0.1
0.1
0.1
-0.7
-0.30000000000000004
0.4
0.20000000000000004
0.1
0.0
0.1
0.30000000000000004
0.1
0.3999999999999999
0.0
-0.1
0.0
0.1
0.05000000000000002
0.20000000000000004
-0.4
-0.4
0.0
0.05000000000000002
0.5
-0.1
0.20000000000000004
0.4
0.0
0.1
-0.1
0.4
0.0
0.0
0.05000000000000002
6.7
0.1
0.0
0.20000000000000004
0.0
0.4
0.4
0.0
0.0
0.05000000000000002
-0.1
0.0
0.1499999999999999
0.05000000000000002
2.3
-0.1
0.20000000000000004
-0.05
0.15
0.0
-0.05
1.9
0.0
-2.25
0.0
-0.15000000000000002
0.4
0.1499999999999999
-0.9
-3.9
0.1
-18.25
-10.25
-49.2
-30.15
-2.55
0.0
-15.85
-49.85
-49.35
-4.7
-52.7
0.0
-18.85
-12.2
-0.05
0.0
-49.05
-17.05
-0.2
-0.05
-1.85
-12.05
-52.7
0.0
-0.05
-9.45
-49.35
-7.05
-9.7
0.1
-37.35
-49.85
-0.05
-48.85
-0.1
0.0
-49.35
-49.2
-9.05
-4.7
-52.4
0.0
0.0
-48.75
0.0
-46.85
-52.55
-48.75
-14.1
-0.1
-52.35
-49.85
-49.2
-49.2
-4.85
-8.8
-12.2
-9.9
-48.6
-0.05
-47.6
-49.2
-49.35
-49.85
-0.05
-47.05
0.0
0.0
-48.9
-0.05
0.0
-49.85
-49.35
-49.05
-4.7
-52.85
-10.95
0.0
-0.05
-4.7
-11.25
-49.35
0.0
-14.55
-0.1
-47.9
0.0
-12.2
-1.2
-4.85
-52.85
-15.55
-13.2
-49.35
-0.05
0.0
-16.75
-9.9
-49.2
-4.85
-52.85
-49.05
-7.2
0.0
-4.8
-52.85
-48.75
-49.7
-9.7
-0.1
-18.2
0.0
-10.4
-49.1
-5.35
-52.1
-49.85
-49.35
-12.2
-0.1
0.0
0.0
-49.85
-48.35
-4.85
-52.85
-49.85
-49.35
-49.35
-4.85
-0.2
0.0
-49.85
-49.85
-4.85
-52.85
-49.35
-49.35
0.0
-4.85
-52.85
-49.85
-49.35
-49.35
-4.85
-52.85
-49.35
-49.85
0.0
-4.85
-52.85
-49.35
0.0
-1.85
-4.85
-52.85
-48.85
-0.1
0.0
-4.85
-52.85
0.0
-49.35
-49.35
-4.85
0.0
-49.35
-0.2
-49.35
-4.85
0.0
-49.85
-48.85
-49.35
-4.85
0.0
-49.35
-0.1
0.0
-4.8
-52.85
-49.85
-49.35
-48.85
-4.85
0.0
0.0
0.0
0.0
-0.05
0.0
-0.05
-49.35
-49.35
-4.85
-52.35
-49.35
0.0
-49.85
-4.85
-52.85
-49.35
-46.85
-52.85
-4.85
-52.35
-49.35
-48.85
-49.85
-4.85
-52.35
-49.35
0.0
-0.1
-4.85
0.0
-49.35
0.0
0.0
-4.85
0.0
-48.85
-49.85
-48.85
-4.85
-52.85
0.0
-49.35
-49.35
0.0
0.0
0.0
-49.35
-49.35
-4.7
-0.2
-49.35
0.0
0.0
-4.85
0.0
-49.35
0.0
-49.85
-4.85
-52.85
0.0
-49.35
-49.85
-0.1
-48.3
-49.35
0.0
-49.35
-0.05
-48.35
-48.85
-0.1
-49.35
-0.1
0.0
-0.2
-49.35
-0.15000000000000002
-4.85
-52.85
-0.15000000000000002
-0.1
-49.35
-4.85
-52.85
-48.85
0.0
0.0
0.0
-48.35
0.0
0.0
-49.35
-4.85
-52.35
-49.35
0.0
0.0
-4.85
-52.85
-49.85
-0.25
0.0
-4.85
-52.85
-48.85
-49.85
-49.35
-4.85
-52.35
-49.35
-49.35
0.0
-4.85
0.0
-49.35
-0.1
-49.35
-2.35
-48.35
-49.35
-49.85
-49.35
-4.85
0.0
-48.85
-49.35
-49.35
-4.85
-52.85
-49.35
-48.85
-49.35
-0.1
-48.35
0.0
0.0
-49.35
-4.85
0.0
-49.35
0.0
0.0
-4.85
-0.05
0.0
-49.35
-49.35
-4.85
-52.85
-0.05
0.0
-49.85
-0.1
-48.35
-49.35
0.0
-0.05
-4.85
-52.85
-49.3
0.0
-0.05
-4.85
-0.05
0.0
0.0
-49.35
-0.1
-48.35
-48.35
-49.35
-48.85
-0.1
0.0
-49.35
-49.35
-49.35
-4.85
-52.85
-49.85
-49.35
-49.35
-0.1
-48.35
-0.05
-49.35
-49.35
-4.85
-52.85
-49.35
-49.35
-0.05
-4.85
-52.85
-49.85
0.0
0.0
-0.1
-48.85
0.0
0.0
-48.85
-4.85
0.0
-49.35
0.0
-49.35
-0.1
0.0
-49.35
-49.35
0.0
-4.85
0.0
0.0
-49.35
-49.85
-0.05
-47.85
-49.35
-49.85
-49.35
-4.85
-0.05
-49.35
0.0
-49.35
-4.85
0.0
-49.35
-49.35
0.0
-4.85
-52.85
0.0
-48.85
-49.35
-0.1
0.0
-49.35
-49.35
-49.35
-4.85
-52.85
-48.85
0.0
-49.35
-0.1
-47.85
-49.35
0.0
0.0
-0.05
0.0
-49.85
0.0
-49.35
-0.05
-47.85
-0.05
-49.35
0.0
-4.85
0.0
0.0
-49.35
-49.35
-4.85
-52.85
-49.85
-48.85
-49.35
-4.85
-52.85
-49.35
-48.85
-0.05
-0.1
-48.35
-49.35
0.0
-49.35
-0.05
-48.85
-0.05
0.0
0.0
-0.05
0.0
-48.85
-0.05
-0.05
-0.1
-47.85
-49.35
-48.85
0.0
-4.85
0.0
-49.35
-49.35
-49.35
-1.2
-48.35
-49.35
-49.35
-48.85
-4.85
-52.35
-49.35
-0.05
0.0
-4.85
0.0
-49.35
0.0
-49.35
-4.85
-52.85
-49.35
-49.35
0.0
-4.85
-0.05
0.0
0.0
-49.85
-4.85
0.0
-49.35
-49.35
0.0
-4.85
-52.35
-0.1
0.0
0.0
-4.85
-52.85
-49.35
-49.35
-49.35
-4.85
0.0
-49.35
-49.35
-48.85
-4.85
-52.85
-49.35
-48.85
-49.3
-4.85
-52.85
-49.35
0.0
-49.35
0.0
-47.85
0.0
0.0
-49.35
-4.85
-52.85
0.0
0.0
-49.35
-0.1
-48.35
-49.35
0.0
-49.35
-0.1
-48.35
-49.35
0.0
-49.35
-4.85
-52.35
-48.85
-49.35
0.0
-0.05
0.0
-49.35
-49.35
0.0
-4.85
0.0
-49.35
-49.35
-49.85
-4.85
-52.35
-49.35
-49.35
-49.85
-4.85
-52.85
0.0
-49.35
-49.35
-4.85
-52.85
-49.35
-49.35
-49.35
-0.1
-48.35
-49.85
-49.85
-49.85
-4.85
-52.85
-49.35
0.0
-49.35
-4.85
0.0
-49.35
-49.35
0.0
-0.1
-48.35
-48.85
-49.35
-49.35
-0.05
0.0
-49.35
-49.35
-49.35
-4.85
-52.85
0.0
-49.35
-49.35
-0.1
-48.35
-49.35
0.0
-49.35
-4.85
-52.85
-49.35
0.0
-47.35
-0.1
0.0
-48.35
-49.35
0.0
-4.85
-52.35
0.0
-49.35
-49.35
-4.85
-52.85
0.0
-48.85
-49.35
-4.85
0.0
-49.35
-49.35
-49.35
-4.85
-52.35
-49.35
-49.35
-49.35
-4.85
-52.85
-0.05
0.0
-49.35
-4.85
-52.85
-48.85
-49.35
-49.35
-4.85
0.0
-48.85
0.0
-48.85
-4.85
-51.85
-52.35
0.0
0.0
-4.85
-52.35
-49.35
-49.35
-49.35
-4.85
0.0
-49.35
0.0
-49.35
-4.85
-52.85
0.0
0.0
0.0
-4.85
0.0
-49.35
-49.35
-49.35
-4.85
-52.85
-49.35
-49.35
-49.35
-0.1
-48.85
0.0
-49.35
0.0
-4.85
-52.35
-49.85
-49.35
0.0
-0.1
0.0
-49.35
0.0
0.0
-4.85
-52.85
0.0
-49.35
-49.35
-4.85
0.0
-48.85
0.0
-49.85
-4.85
-52.85
-49.35
-49.35
0.0
-4.85
-52.35
-49.85
0.0
-49.35
0.0
0.0
-49.35
-48.85
0.0
-4.85
-52.85
-49.35
-49.35
-49.35
-4.85
-52.85
-49.85
0.0
-49.35
-4.85
0.0
-49.85
0.0
0.0
-0.1
-48.35
-49.35
0.0
-49.35
-4.85
-52.85
-49.35
-49.85
0.0
-4.85
-52.35
-49.35
-49.35
0.0
-4.85
-52.85
-49.85
-49.35
0.0
-0.1
0.0
-49.35
0.0
0.0
-4.85
-52.35
-49.35
-49.35
-49.85
-0.1
-48.35
-49.35
-47.85
-48.85
-4.85
-52.35
0.0
-49.35
-49.35
-4.85
0.0
-49.35
0.0
-49.35
-4.85
0.0
0.0
-49.35
-49.35
-4.85
-52.35
-49.35
-49.35
0.0
-4.85
-52.85
0.0
-49.35
0.0
-4.85
-52.35
-49.35
-49.35
-49.35
0.0
-48.35
0.0
0.0
-47.85
-0.05
0.0
0.0
-49.85
-49.35
-0.1
0.0
-49.35
-49.85
0.0
-0.1
0.0
-49.35
-48.85
0.0
-4.85
-52.35
-48.85
0.0
0.0
-4.85
-52.85
0.0
-49.35
-49.35
-4.85
-52.35
-48.85
-49.35
-49.35
-4.85
-52.85
0.0
-49.35
0.0
-4.85
0.0
-49.35
-49.35
0.0
-0.1
-48.85
-49.35
-49.35
0.0
-4.85
-52.35
0.0
0.0
-49.35
-4.85
-52.35
0.0
-49.35
-49.35
-0.1
0.0
0.0
-48.85
-0.05
-4.85
-52.85
0.0
-49.35
0.0
-4.85
0.0
-48.85
-48.85
0.0
-4.85
-52.8
-49.35
-49.35
-49.35
-4.85
-52.35
-49.35
-49.35
-49.35
-4.85
-52.35
-49.35
0.0
-49.35
-4.85
-52.85
-49.35
0.0
-49.35
-0.1
0.0
-49.35
-49.35
0.0
-0.1
0.0
-49.35
-49.35
-49.35
-4.85
0.0
0.0
-49.85
-48.85
-4.85
-52.35
-49.35
0.0
-49.35
-0.1
-47.85
-49.35
-49.35
0.0
-0.1
-46.85
-52.85
0.0
-48.85
-4.85
0.0
0.0
-49.35
-49.35
-4.85
-52.35
-49.85
-49.35
-49.35
-4.85
-52.85
0.0
-48.85
0.0
-4.85
0.0
-49.35
0.0
-49.35
-4.85
0.0
0.0
-49.35
-49.35
-4.85
-52.85
-49.35
-49.35
-49.35
-0.1
-48.35
-48.85
-49.35
-48.85
-4.85
-52.35
-49.35
-49.35
0.0
-4.85
0.0
-49.35
-49.35
-49.85
-4.85
-52.35
-49.35
-49.35
0.0
-4.85
-52.35
-49.85
-49.35
0.0
-0.1
-48.35
0.0
-49.35
-49.35
-4.85
-52.35
0.0
0.0
-49.35
-4.85
-52.35
-49.35
0.0
0.0
-4.85
0.0
-49.35
-49.35
-49.35
-4.85
0.0
-49.35
0.0
0.0
-4.85
-52.35
-49.3
-48.85
-49.35
-4.85
0.0
0.0
0.0
-49.35
-0.1
-48.35
-49.35
-49.35
-49.35
-4.85
-52.35
0.0
-49.35
-49.35
-4.85
-52.85
0.0
0.0
0.0
-4.85
-52.3
0.0
0.0
0.0
-4.85
0.0
0.0
-49.35
-49.35
-4.85
-52.85
-49.35
-49.35
0.0
-4.85
-52.85
0.0
-49.35
-49.35
-4.85
-52.35
-48.85
-49.35
-49.35
-0.1
-48.35
-49.35
0.0
0.0
-4.85
0.0
-49.35
-49.85
-48.85
-4.85
0.0
0.0
-48.85
-49.35
-4.85
-52.35
-48.85
-48.85
-49.35
-0.05
-48.35
-49.35
0.0
0.0
-0.1
-48.35
-49.35
-49.35
-49.85
-4.85
-52.35
-49.35
-49.35
0.0
-4.85
0.0
-49.35
-49.35
-49.35
-0.1
-48.35
-49.35
-49.35
-49.35
-0.1
0.0
0.0
-49.35
-49.35
-4.85
0.0
0.0
-49.35
-49.35
-4.85
-51.85
0.0
-48.85
0.0
-4.85
-52.85
-49.35
-49.35
0.0
-4.85
-52.35
-49.35
-48.85
0.0
-4.85
0.0
-49.35
0.0
0.0
-0.1
-48.35
0.0
-49.35
0.0
-0.1
0.0
-49.35
-49.35
-49.85
-4.85
0.0
-49.35
0.0
-49.35
0.0
-48.35
-49.35
-49.35
-48.85
-4.85
-52.85
-49.35
-49.35
0.0
-4.85
-52.35
-49.35
-49.35
-49.35
-0.1
-48.35
0.0
-48.85
-48.85
-4.85
0.0
0.0
-48.85
-48.85
-0.1
-48.35
-49.35
0.0
0.0
-0.1
0.0
-49.35
-48.35
0.0
-0.1
-48.35
-49.35
-48.85
0.0
-4.85
-52.85
-48.85
0.0
0.0
-4.85
0.0
0.0
-49.35
-49.35
-0.1
-48.35
0.0
-49.35
0.0
-0.1
0.0
0.0
-49.85
0.0
-4.85
0.0
-49.35
0.0
-49.35
-0.05
-48.35
-49.35
0.0
-49.35
-4.85
-52.85
0.0
0.0
0.0
-4.85
0.0
-49.85
0.0
-0.05
-4.85
-52.35
-49.35
-49.35
0.0
-0.05
-47.85
-49.35
0.0
-48.85
-0.1
-48.35
-49.35
-49.35
-48.85
-4.85
-52.35
0.0
-48.85
-49.35
-0.15000000000000002
-48.35
0.0
-49.35
-48.85
-4.85
0.0
-49.35
0.0
-48.85
-4.85
0.0
0.0
0.0
0.0
-2.85
-48.35
0.0
-49.35
-49.35
-4.85
-52.85
-48.85
0.0
0.0
-4.85
-52.85
0.0
-48.85
-49.35
-4.85
-52.85
-49.35
-49.35
0.0
-6.2
-14.7
0.0
0.0
-46.2
-0.1
0.30000000000000004
-14.85
0.0
-0.30000000000000004
0.1
0.1
0.7999999999999998
2.8
0.0
0.5
0.0
0.4
0.5
0.0
0.1
0.1
0.30000000000000004
27.2
0.20000000000000004
-0.1
0.4
0.5
0.0
0.20000000000000004
-0.1
-0.10000000000000009
0.0
0.4
0.20000000000000004
-0.1
-0.20000000000000007
0.0
0.1
50.7
-0.1
0.20000000000000004
0.0
-0.20000000000000007
-0.30000000000000004
0.1
0.30000000000000004
0.20000000000000004
0.30000000000000004
0.0
-0.05
0.0
0.24999999999999997
0.5
0.1
0.1
0.1
0.0
0.1
-7.35
0.24999999999999997
0.30000000000000004
0.1499999999999999
0.1
-16.75
-0.1
-7.2
-2.55
-7.199999999999999
0.0
-0.1
0.0
0.1
0.1
0.1
-0.15000000000000002
-3.3499999999999996
-66.05
0.1
0.0
-0.1
-12.2
-11.3
0.0
0.1
-0.1
0.0
0.1
-9.35
-49.35
-0.1
-0.05
0.0
0.1
0.0
-4.55
-4.4
-19.25
0.0
-49.35
-0.1
0.0
0.1
0.1
0.0
-4.85
0.1
-7.550000000000001
-12.2
-52.85
-0.05
-8.45
0.0
-16.9
-10.2
-3.2
0.0
-49.35
-48.85
-49.35
0.15000000000000005
0.1
-12.2
-9.55
0.1
-4.85
-52.35
0.0
0.0
-9.4
-0.1
0.0
0.0
-48.85
0.1
-4.85
0.0
-13.85
0.0
-48.35
0.20000000000000004
-52.35
-48.85
-47.7
-49.35
-4.7
-44.35
-48.85
-48.05
-48.55
-0.1
0.1
-7.2
-52.35
-48.4
-4.85
-10.7
-48.9
-48.9
0.0
0.0
-48.2
-48.85
-48.85
-48.35
-4.85
0.1
-48.85
0.0
-12.05
-5.2
0.0
-7.2
-49.7
-48.05
-4.7
-10.7
-49.35
-48.85
-15.4
-0.05
-52.35
0.1
-10.2
-12.05
-5.35
-52.35
-48.7
0.1
0.0
0.1
-48.35
0.0
0.0
0.1
-0.2
-47.85
0.0
-48.85
0.0
-0.1
-48.2
-11.9
-12.2
0.0
-2.2
0.1
0.0
-48.7
-48.2
0.0
0.0
0.0
-49.2
-48.85
-4.85
-52.85
0.0
0.1
-39.05
-5.2
-52.85
0.05000000000000002
0.1
0.0
-4.85
-1.1
-30.85
-52.35
-0.1
-0.1
-48.35
0.0
-49.35
0.0
-4.85
-7.35
0.1
0.0
0.1
-4.85
0.1
-48.85
0.0
-13.55
-0.1
0.0
0.0
-7.05
-9.35
0.05000000000000002
0.0
-7.05
-7.05
0.0
-4.85
0.30000000000000004
0.0
-49.35
-14.7
-0.1
0.0
0.0
-2.95
0.1
0.1
-47.85
0.0
0.0
0.1
-0.1
-10.35
0.0
0.1
-0.20000000000000018
-0.1
-51.85
-7.85
-12.55
0.0
0.0
0.0
0.0
-5.7
-6.9
-0.1
0.0
0.0
-4.7
-5.05
-0.1
-7.05
-48.85
0.0
-6.85
0.0
0.1
5.3
0.1
-7.05
-0.1
0.0
-6.9
0.0
0.0
0.0
0.0
0.0
-6.35
0.0
0.0
0.0
-12.2
-12.2
0.0
-0.1
0.0
0.1
-6.75
-3.2
-0.1
0.0
0.1
-6.6
0.0
-0.1
-4.35
-10.55
0.1
-6.35
-0.1
0.0
0.1
0.1
-17.2
-0.1
0.0
0.0
-9.4
-0.8499999999999996
-0.1
-3.55
-3.25
-3.55
-4.85
-4.85
0.0
0.1
0.1
0.0
0.0
-47.85
0.1
-12.2
-52.35
-0.1
0.0
-48.85
-11.75
-52.85
-0.1
0.0
-8.55
0.1
-11.2
0.1
0.0
0.1
-49.35
0.1
0.30000000000000004
0.1
0.0
0.0
0.1
-0.1
-47.85
0.0
-16.05
0.0
0.0
0.0
-7.7
-9.55
0.0
-0.1
0.0
0.0
-11.75
0.1
-0.1
-13.25
-49.35
-48.85
-7.2
-5.2
-9.85
-7.2
0.0
-49.35
0.0
-6.85
-48.85
2.6999999999999993
-10.6
0.0
0.0
0.30000000000000004
-48.85
-7.6
0.1
-48.2
0.1
0.0
0.0
0.0
2.25
0.0
-6.9
-13.6
0.15
-4.05
-0.10000000000000009
-7.2
1.15
-0.1
-0.1
-2.7
0.0
-4.4
0.0
0.0
0.0
-10.2
-11.9
0.0
-8.95
-4.35
-48.75
0.0
-4.7
-52.2
0.1
0.0
-10.2
0.0
-8.05
0.1
0.0
-49.35
-0.1
0.1
0.0
0.1
0.0
5.6
-9.55
-48.55
0.0
0.1
-0.1
0.1
0.1
-47.75
0.1
0.05000000000000002
0.0
-0.2999999999999998
0.0
0.1
0.05000000000000002
-52.35
0.1
0.0
0.0
0.1
0.0
0.0
0.1
0.0
-0.1
-47.9
0.0
-5.55
-48.85
-4.7
0.1
-19.75
0.0
0.0
0.0
-11.4
1.7000000000000002
0.1
0.1
-0.1
0.1
-8.95
0.0
-49.05
-0.05
-11.05
0.1
0.1
0.0
-0.1
0.0
0.0
0.0
0.0
0.0
0.05000000000000002
0.0
0.0
-5.85
-4.7
0.1
-5.85
0.1
0.0
0.1
0.0
-7.050000000000001
0.0
-4.7
0.0
-1.6
0.0
-2.7
0.0
0.0
0.1
0.6499999999999999
0.1
0.0
-0.04999999999999999
0.0
0.24999999999999997
0.0
0.1
-0.15000000000000002
-0.44999999999999996
0.24999999999999997
0.55
0.0
0.0
0.0
0.55
0.35
5.4
0.0
0.24999999999999997
0.1
0.20000000000000004
0.35
-0.1
0.0
0.24999999999999997
2.2
0.0
-0.1
0.1
0.0
0.1
0.24999999999999997
-0.1
0.0
-0.30000000000000004
0.1
0.0
-0.1
0.30000000000000004
0.0
0.0
0.1
0.1
0.0
0.1
0.30000000000000004
0.15
0.0
0.5
0.20000000000000004
0.7
0.30000000000000004
0.0
0.1
0.1
0.20000000000000004
0.0
-4.75
-0.44999999999999996
0.0
0.55
0.0
0.30000000000000004
0.0
0.0
0.1
0.0
-0.1
0.0
0.0
0.1
0.20000000000000004
-0.1
0.30000000000000004
0.0
-0.44999999999999996
0.1
-0.1
0.55
0.0
0.30000000000000004
0.5
0.0
0.5
0.30000000000000004
0.0
0.35
0.0
0.0
0.0
0.1
0.4
0.15
0.1
0.20000000000000004
0.0
0.20000000000000004
-0.1
0.1
-0.44999999999999996
0.0
0.0
0.20000000000000004
0.0
0.1
0.15
0.0
0.1
0.0
0.0
0.24999999999999997
0.1
-0.1
0.15
0.1
0.1
0.0
-0.1
0.1
0.24999999999999997
0.1
-0.44999999999999996
0.10000000000000006
0.1
0.0
0.15
0.24999999999999997
0.0
0.24999999999999997
0.1
0.24999999999999997
0.24999999999999997
0.0
0.35
0.55
0.1
0.24999999999999997
0.20000000000000004
0.0
0.0
0.1
0.1
0.1
-0.6
0.3999999999999999
0.0
0.1
0.15
0.20000000000000004
0.1
0.0
0.55
0.0
0.24999999999999997
0.15
0.0
0.15
0.0
0.1
-0.6
0.0
0.15
0.0
0.0
0.3999999999999999
0.15
0.1
-0.1
0.3999999999999999
0.0
0.15
0.0
0.30000000000000004
0.0
0.0
0.1
0.15
0.95
0.15
-0.44999999999999996
0.0
0.55
0.0
0.1
0.1
0.35
0.15
-0.1
0.0
0.0
0.0
0.15
-0.1
0.0
0.55
0.15
0.1
-0.1
0.15
0.0
0.15
0.0
0.15
0.0
0.55
0.35
0.0
-0.05
0.1
0.24999999999999997
-0.44999999999999996
0.24999999999999997
-0.1
0.0
0.15
0.1
0.1
-0.1
0.0
0.35
0.1
0.24999999999999997
0.15
0.0
0.55
0.24999999999999997
0.1
0.20000000000000004
0.1
0.0
0.1
0.55
-0.1
0.0
0.24999999999999997
3.55
0.1
0.05000000000000002
0.1
0.15
0.0
0.0
0.0
0.1
0.1
0.15
0.0
0.1
0.1
0.15
0.24999999999999997
-0.44999999999999996
0.05000000000000002
0.0
0.55
0.1
0.35
0.19999999999999998
0.15
0.0
0.15
0.0
0.20000000000000004
-0.44999999999999996
0.0
0.15
0.0
-0.1
0.1
0.24999999999999997
0.1
0.0
0.1
0.0
0.15
0.24999999999999997
0.55
0.0
0.0
0.15
0.0
0.0
-0.1
0.1
0.15
0.1
0.1
0.20000000000000004
0.0
0.1
0.15
0.0
0.0
0.15
0.1
0.24999999999999997
0.35
0.10000000000000009
0.1
0.0
0.35
0.55
0.0
0.0
0.15
0.24999999999999997
0.15
0.0
0.24999999999999997
0.1
0.1
0.0
-0.1
0.15
0.1
0.15
0.15
-0.30000000000000004
0.0
0.1
0.0
0.24999999999999997
0.0
0.15
0.0
0.55
0.1
0.0
0.15
0.24999999999999997
0.15
-0.44999999999999996
-0.1
0.0
0.0
0.15
0.1
0.1
0.15
0.0
0.1
0.0
0.30000000000000004
0.24999999999999997
0.55
0.1
0.1
-0.1
3.3
0.0
0.1
0.1
0.0
0.0
0.15
0.0
0.1
-0.1
0.20000000000000004
0.20000000000000004
0.15
0.24999999999999997
0.1
0.1
0.3999999999999999
0.20000000000000004
0.20000000000000004
0.30000000000000004
0.0
0.0
1.1
0.1
0.05000000000000002
0.1
0.24999999999999997
0.0
0.35
0.20000000000000004
3.55
0.55
0.15
0.1
0.1
0.0
0.1
-0.44999999999999996
0.1
0.1
0.1
0.1
0.0
0.0
0.1
0.1
0.1
0.1
0.0
0.20000000000000004
0.0
0.1
0.1
0.0
0.0
0.1
0.0
0.15
0.15
0.15
0.0
0.0
0.1
0.1
0.0
-0.1
-0.44999999999999996
0.0
0.15
0.4
0.0
0.15
0.0
0.0
-0.05
0.1
0.0
0.0
0.0
-0.1
0.24999999999999997
0.5
0.0
0.0
-0.15000000000000002
0.30000000000000004
0.1
0.7
0.7
-0.1
0.1
0.1
0.5
0.0
0.05000000000000002
-3.7
0.30000000000000004
0.30000000000000004
0.30000000000000004
-0.1
0.0
0.1
0.1
0.1
-4.75
0.0
0.7
0.0
0.0
-0.1
0.0
0.20000000000000004
0.0
0.0
-0.1
0.0
0.1
0.1
0.0
0.20000000000000004
0.1
0.1
0.20000000000000004
0.20000000000000004
0.30000000000000004
0.1
0.4
0.20000000000000004
0.0
-0.1
0.0
0.1
0.0
0.0
-0.1
0.30000000000000004
-0.30000000000000004
0.30000000000000004
0.5
-0.1
0.30000000000000004
0.30000000000000004
0.1
0.1
0.0
0.1
0.30000000000000004
0.1
0.1
0.1
0.20000000000000004
0.0
0.4
0.30000000000000004
-0.1
0.0
0.20000000000000004
0.20000000000000004
0.20000000000000004
-0.1
0.4
0.1
0.0
0.20000000000000004
-0.1
0.1
0.0
0.30000000000000004
9.8
-0.1
0.0
0.4
0.30000000000000004
0.5
0.20000000000000004
0.1
0.1
0.7
0.0
0.0
0.0
0.1
0.0
0.30000000000000004
0.15000000000000005
0.0
0.1
0.0
0.1
-0.1
0.0
0.30000000000000004
0.1
0.1
-0.1
0.20000000000000004
0.1
0.20000000000000004
0.1
-0.1
0.1
0.0
0.4
0.0
-0.1
0.4
0.20000000000000004
0.0
0.1
-0.1
0.0
0.0
0.20000000000000004
0.0
0.0
0.7
0.4
0.4
0.30000000000000004
0.20000000000000004
0.5
0.5
0.20000000000000004
0.0
-0.1
0.1
0.30000000000000004
0.5
0.1
0.20000000000000004
0.0
0.1
0.1
0.0
0.0
0.30000000000000004
0.1
0.1
0.1
-0.1
0.0
0.1
0.4
0.30000000000000004
0.1
0.0
0.1
0.4
0.30000000000000004
-0.1
0.30000000000000004
0.20000000000000004
0.0
0.5
0.0
0.0
0.7
3.8
0.0
0.1
3.7
0.20000000000000004
0.1
0.0
-0.1
0.1
0.0
0.20000000000000004
0.1
0.0
0.30000000000000004
0.20000000000000004
0.20000000000000004
0.1
-0.1
0.20000000000000004
0.0
0.0
0.1
0.4
0.0
0.0
0.0
0.0
0.20000000000000004
0.1
0.0
0.20000000000000004
0.0
-0.1
0.1
0.0
0.0
0.30000000000000004
-0.1
0.1
0.1
0.1
0.1
0.20000000000000004
0.1
0.30000000000000004
-0.30000000000000004
0.30000000000000004
-0.1
0.30000000000000004
0.20000000000000004
0.0
0.7
-0.1
0.4
0.0
0.1
0.0
-4.75
0.0
-0.30000000000000004
0.0
0.20000000000000004
0.0
0.1
0.1
0.0
0.30000000000000004
0.20000000000000004
0.1
0.0
0.30000000000000004
0.0
0.30000000000000004
0.1
0.4
0.5
0.0
-0.1
0.0
-0.30000000000000004
0.5
0.30000000000000004
-0.1
0.20000000000000004
4.7
-0.30000000000000004
0.0
0.1
0.20000000000000004
0.4
0.0
0.1
-0.1
0.30000000000000004
0.0
0.1
0.1
0.0
0.4
0.15
0.0
0.30000000000000004
0.0
0.0
0.15
0.0
-0.30000000000000004
-0.1
0.0
0.0
0.0
0.0
-0.1
0.0
0.0
0.1
0.1
-0.1
0.30000000000000004
0.5
0.15
0.4
0.0
0.1
0.1
0.1
0.0
-0.1
0.15
0.0
0.7
0.15
0.0
0.1
0.0
0.0
0.15
-0.1
0.0
0.0
0.0
0.0
0.15
-0.30000000000000004
0.15
0.0
0.30000000000000004
-0.1
-0.1
0.0
0.15
0.1
-0.1
0.0
0.5
0.1
0.1
-5.25
-11.3
0.0
-3.3
-1.5499999999999998
-0.1
0.0
-6.3
-1.35
-9.55
0.15000000000000005
0.4
0.0
0.20000000000000004
0.4
-0.1
0.4
0.5
0.0
0.1
0.0
0.0
1.7999999999999998
-0.30000000000000004
0.1
0.0
0.1
0.0
0.0
0.20000000000000004
-0.1
0.0
0.1
0.20000000000000004
0.0
0.0
0.0
0.0
0.4
0.0
0.1
0.0
0.0
0.30000000000000004
0.30000000000000004
0.1
0.1
0.30000000000000004
0.1
0.0
0.0
0.1
0.1
0.1
0.4
-0.1
0.0
0.5
0.1
0.30000000000000004
0.15000000000000005
0.4
0.20000000000000004
0.4
0.0
0.20000000000000004
0.20000000000000004
0.1
0.0
0.0
-0.1
0.0
0.0
0.0
0.0
-0.1
0.1
0.1
0.4
0.0
0.4
0.0
0.0
0.1
0.1
-0.1
-0.30000000000000004
0.0
0.0
1.7999999999999998
0.1
0.5
0.0
0.20000000000000004
0.0
-0.1
0.0
0.4
0.20000000000000004
0.1
0.0
0.20000000000000004
0.4
0.1
0.0
0.1
0.20000000000000004
0.20000000000000004
0.0
0.1
0.5
0.1
0.1
0.4
-0.30000000000000004
0.05000000000000002
0.20000000000000004
0.0
3.9000000000000004
1.7999999999999998
0.0
0.7
0.1
0.0
0.30000000000000004
0.0
0.0
0.0
0.0
0.4
-0.1
0.1
0.0
0.0
0.30000000000000004
0.0
0.20000000000000004
0.7
0.0
0.4
-4.4
0.0
0.0
0.0
0.1
-0.1
0.20000000000000004
0.0
0.0
0.5
-0.1
0.20000000000000004
0.4
0.7
0.4
0.20000000000000004
0.20000000000000004
0.30000000000000004
0.0
-0.30000000000000004
0.1
0.1
0.0
0.0
0.0
-0.1
0.24999999999999997
0.1
0.0
0.1
