1
4
0
1
1
0
3
14
11
4
1
1
1
1
2
0
2
4
2
4
2
3
8
5
1
1
1
7
4
13
3
1
16
12
10
3
12
14
24
9
2
14
8
18
69
6
1
49
7
99
4
127
38
11
18
7
55
9
65
8
1
89
38
11
41
2
140
10
1
9
6
77
12
135
37
1
31
26
1
70
2
40
67
29
11
2
81
29
10
18
4
90
11
11
11
1
21
4
11
79
1
99
60
11
60
8
1
31
30
11
5
50
11
51
1
5
41
130
70
9
1
1
139
21
139
1
29
41
329
130
1
49
31
211
1
6
76
11
109
141
1
18
21
11
21
2
11
31
209
195
2
48
11
31
11
1
61
99
21
11
7
11
11
31
11
2
39
31
89
147
4
11
51
60
51
1
11
159
11
10
8
13
11
31
60
2
11
11
100
1
16
168
9
220
79
3
191
10
21
11
2
51
50
11
217
10
40
21
1
71
8
21
59
11
41
6
71
30
51
61
2
337
240
1
11
2
21
51
11
41
3
131
11
11
11
6
11
81
10
101
2
11
11
31
151
4
91
151
11
11
9
11
34
111
241
11
11
130
151
11
2
61
181
31
21
1
150
66
111
51
1
11
11
169
31
4
21
121
11
11
3
1
11
31
111
4
11
81
41
50
1
11
10
81
171
5
41
101
161
21
4
21
91
31
51
1
230
11
11
80
1
171
31
11
21
7
11
158
201
51
3
11
219
1
21
5
41
91
29
9
2
31
11
70
61
4
79
41
31
21
3
101
77
118
41
2
31
50
49
11
5
310
1
71
1
1
271
71
40
51
1
10
11
109
21
12
10
11
11
11
3
342
11
91
141
1
140
81
41
11
5
79
71
51
251
1
30
61
11
21
7
141
21
11
11
4
99
11
20
11
7
9
91
59
111
3
61
31
89
71
4
101
11
11
21
4
21
141
11
71
7
120
151
71
101
1
21
201
21
101
1
21
61
11
110
11
11
11
11
150
3
170
111
11
21
9
51
81
51
241
1
1
11
101
11
1
271
51
51
31
2
21
81
11
41
1
51
31
21
11
1
21
11
11
11
8
11
291
91
31
1
11
121
61
21
2
51
11
341
1
1
41
111
41
31
1
11
31
61
21
4
29
121
11
131
2
11
161
41
51
10
21
221
81
1
1
11
63
41
161
11
111
21
111
41
1
31
31
81
190
2
31
31
11
91
2
11
81
41
11
1
41
31
101
61
3
11
101
231
1
5
71
11
11
11
1
201
111
11
101
4
21
81
31
111
1
49
21
11
11
4
181
11
41
11
10
11
11
21
111
13
11
131
11
101
7
51
11
71
11
1
201
21
21
334
2
101
11
91
141
7
21
11
151
51
2
51
221
331
1
3
21
21
91
288
2
11
201
1
11
1
221
221
337
1
8
101
20
11
109
3
11
21
21
11
5
120
11
21
30
3
11
11
30
101
2
171
11
70
50
1
11
40
11
10
4
21
80
50
99
3
11
11
17
50
1
25
160
9
11
5
109
108
204
71
4
188
11
91
11
2
101
71
21
169
5
19
130
31
19
1
11
311
41
31
4
69
88
61
40
3
99
9
101
19
1
11
70
89
71
2
4
10
11
51
4
61
149
149
70
8
10
90
31
11
4
11
50
170
11
1
51
11
40
230
5
9
171
91
144
6
171
201
191
11
3
11
11
51
131
1
11
121
101
61
1
101
21
71
21
2
111
41
11
51
2
61
51
91
181
1
41
11
11
161
1
100
11
31
31
4
11
11
31
41
1
61
11
11
41
3
71
11
41
11
7
41
171
160
11
11
11
201
31
41
5
11
151
11
10
3
0
0
0
0
4
1
4
8
3
8
7
1
1
8
0
0
0
0
0
0
0
0
0
0
0
0
0
0
0
0
0
0
0
0
0
0
0
0
0
0
0
0
0
0
0
0
0
0
0
0
0
0
0
0
0
0
0
0
0
0
0
0
0
0
0
0
0
0
0
0
0
0
0
0
0
0
0
0
0
0
0
0
0
0
0
0
0
0
0
0
0
0
0
0
0
0
0
0
0
0
0
0
0
0
0
0
0
0
0
0
0
0
0
0
0
0
1
0
0
1
1
1
2
1
9
91
81
11
111
3
201
81
111
11
4
51
51
11
71
6
11
91
201
211
1
51
11
121
61
4
11
51
11
71
2
51
151
61
61
2
81
21
81
11
3
111
41
41
191
8
11
201
71
11
7
121
11
11
71
5
61
11
81
91
9
51
11
61
261
1
1
1
3
3
2
12
4
8
2
2
2
1
1
5
7
2
2
3
1
2
1
1
1
2
7
2
1
5
10
3
1
1
1
1
1
3
2
6
1
7
2
1
1
3
6
4
5
5
5
2
2
1
3
2
3
3
2
7
6
2
11
1
1
5
1
4
1
1
1
6
3
1
4
2
5
12
1
4
3
3
1
5
3
1
1
2
6
11
5
3
4
2
2
4
2
4
9
7
1
1
5
2
2
3
2
3
5
3
2
1
1
1
1
2
1
1
1
8
4
2
4
4
1
1
5
1
8
3
1
2
2
10
1
2
4
1
7
1
2
2
2
6
1
4
2
3
1
1
1
4
9
1
2
1
1
1
2
2
2
2
2
3
3
1
2
1
5
7
1
2
5
5
3
1
1
3
2
7
3
5
3
4
7
2
1
3
8
3
7
10
2
2
8
2
2
2
2
4
1
6
2
6
2
1
2
2
7
2
1
2
5
4
7
2
2
1
1
5
1
2
1
4
2
6
1
1
1
2
1
4
2
1
1
9
4
3
2
5
2
3
1
1
3
1
1
2
6
4
4
2
1
5
3
5
2
5
1
1
6
1
2
1
1
4
4
2
4
1
2
6
10
1
6
7
2
1
1
1
6
4
1
6
1
6
2
1
1
8
2
2
2
1
2
3
2
5
3
3
1
2
7
3
2
15
1
1
3
6
5
4
3
2
1
10
2
5
5
1
2
2
6
3
1
1
3
2
8
3
1
1
2
6
1
4
7
3
1
1
4
1
2
1
4
2
3
2
7
1
2
2
2
3
2
1
3
3
1
2
1
1
7
1
1
1
2
2
1
1
2
2
4
2
1
1
1
1
1
3
3
2
1
2
1
1
3
2
1
5
1
1
8
3
2
3
1
2
3
6
2
1
1
2
4
5
1
4
3
2
1
3
1
1
1
5
2
1
2
1
4
5
2
1
1
4
1
1
2
4
4
1
3
3
3
1
1
3
2
1
2
1
2
1
1
1
7
4
1
1
2
1
2
2
2
4
2
2
4
3
1
1
1
1
3
1
5
3
13
1
2
2
1
1
1
2
3
3
1
4
1
2
1
4
10
5
1
3
2
3
8
2
2
9
1
1
3
3
1
5
3
2
2
1
1
1
2
3
3
1
4
1
1
3
4
1
2
2
2
2
1
2
9
2
6
6
2
4
2
3
1
1
2
1
1
4
2
12
2
1
2
0
0
0
0
0
1
8
2
5
1
2
4
2
1
1
3
1
2
1
2
3
1
2
1
1
1
8
3
2
2
1
3
2
1
4
4
1
3
7
3
3
1
3
4
2
2
2
3
2
6
4
4
1
1
10
1
2
4
3
2
4
2
1
11
4
1
2
2
1
4
1
3
6
5
1
2
1
10
4
5
8
1
1
7
1
2
8
1
1
7
6
3
1
3
1
6
3
3
1
15
3
3
1
2
2
0
1
0
3
1
1
0
0
1
1
1
1
0
1
0
0
0
0
0
0
0
0
0
0
0
0
0
0
0
1
0
0
0
0
0
0
0
0
0
0
0
0
0
0
1
0
0
1
0
1
0
1
0
1
0
0
0
0
1
0
1
0
0
1
0
0
1
1
1
0
0
0
1
1
0
0
0
1
0
0
0
0
0
1
0
0
1
1
0
0
0
1
0
0
0
1
0
0
1
0
1
0
0
0
0
0
0
0
0
1
0
1
0
0
0
1
0
1
0
0
0
0
0
0
0
1
0
1
0
0
0
0
0
1
0
1
1
1
1
0
0
0
0
0
0
0
0
1
0
0
0
0
0
1
0
0
0
0
1
1
0
0
0
1
1
0
0
1
0
0
0
0
0
1
1
0
0
0
0
1
0
0
0
0
0
1
0
0
0
0
1
0
0
0
1
0
0
1
1
0
0
0
0
0
0
0
0
0
1
0
0
0
1
1
1
0
0
0
0
1
0
0
0
0
1
1
0
0
0
0
1
0
1
0
0
0
1
0
0
0
1
0
0
0
1
0
0
1
0
0
0
1
0
0
0
0
0
1
1
0
0
0
1
1
1
0
0
0
0
1
0
0
0
0
0
0
0
0
0
1
1
0
0
0
0
0
0
0
1
0
1
0
1
0
0
0
0
0
0
0
0
1
0
0
0
0
0
0
2
0
4
1
1
2
9
2
1
2
1
1
6
2
4
2
2
1
3
1
2
4
2
2
2
6
2
3
1
7
1
1
2
1
4
3
1
3
1
1
2
2
3
3
8
1
2
2
1
6
6
3
3
7
1
2
3
4
4
1
1
5
8
2
1
5
4
7
1
2
2
10
1
3
5
2
11
2
5
3
2
4
3
5
2
3
2
2
5
1
2
1
1
1
2
2
2
6
4
2
4
1
1
1
3
1
1
2
1
1
2
2
9
1
1
7
2
3
2
3
3
1
9
1
1
1
1
1
2
6
1
1
2
4
3
1
2
14
4
4
2
2
2
1
1
2
1
1
1
5
1
9
3
4
2
4
1
1
3
1
1
2
1
1
1
4
1
2
1
1
2
2
1
6
2
8
3
3
1
1
3
1
2
2
3
2
2
2
2
4
1
1
1
3
3
1
3
1
2
2
2
1
1
2
4
5
4
2
1
3
1
3
2
2
2
2
3
8
5
3
2
1
3
4
2
6
1
1
2
3
2
3
8
6
1
2
6
1
3
5
1
2
1
5
1
1
2
15
2
1
3
1
6
5
2
1
2
1
1
5
2
7
1
3
1
3
1
2
7
1
5
1
1
5
2
1
2
3
1
6
0
1
2
1
3
0
0
1
1
1
2
1
1
1
2
2
1
1
1
2
1
1
1
9
0
2
1
3
2
0
1
0
1
1
0
1
3
1
3
1
1
4
1
0
2
4
5
1
0
0
1
1
0
8
1
3
5
1
5
1
0
0
1
2
1
1
3
1
1
0
0
2
1
0
7
1
1
1
4
0
1
2
1
3
1
1
1
0
0
2
1
0
1
1
4
3
1
0
0
2
1
1
0
0
4
1
1
1
2
1
4
7
3
5
0
0
1
1
1
1
0
0
0
0
0
0
0
0
1
1
0
0
0
0
0
0
1
0
0
0
0
0
0
0
0
0
1
0
0
0
1
1
0
0
0
1
1
0
0
1
0
0
0
1
0
1
0
0
1
0
0
0
0
1
0
1
1
0
0
0
0
0
0
1
1
1
1
1
1
1
0
0
0
0
0
1
0
0
0
0
0
0
0
0
0
0
0
0
0
0
1
1
0
1
0
1
1
0
1
0
0
0
0
0
1
0
0
1
1
1
0
0
1
1
0
1
1
0
1
0
1
0
0
0
1
0
0
1
0
0
1
0
1
0
0
1
0
1
1
1
0
1
0
0
1
1
0
0
0
0
1
1
1
0
1
1
0
0
0
0
1
1
0
0
0
1
1
0
0
0
0
0
0
0
0
0
1
0
1
0
1
0
1
0
0
0
0
0
1
0
0
0
0
0
0
0
0
1
0
1
1
0
0
1
0
1
1
0
1
1
0
0
0
0
1
1
0
1
0
0
1
1
0
0
0
1
1
0
1
1
1
0
1
0
0
0
0
1
1
0
0
0
0
0
0
0
0
1
0
1
0
0
0
0
0
0
1
0
0
0
1
1
1
0
1
1
0
0
1
0
1
0
1
1
0
0
1
0
1
1
0
0
1
0
0
0
0
0
1
0
1
0
0
1
0
0
1
0
0
1
0
0
1
1
0
0
0
0
0
0
1
0
1
0
0
1
1
1
1
0
1
0
1
0
1
0
1
0
1
1
0
0
0
0
0
0
0
0
0
0
0
1
1
0
0
1
0
1
0
1
1
1
1
1
0
1
1
1
0
0
0
1
0
1
0
0
0
1
0
0
0
0
0
0
0
1
1
0
1
0
1
0
0
0
0
0
1
0
1
1
1
0
0
1
0
0
1
0
0
1
1
1
0
0
0
0
0
0
1
0
0
0
0
0
0
0
0
0
0
0
1
0
1
0
1
1
0
0
0
1
1
0
1
0
0
1
0
1
0
0
1
0
0
0
0
0
1
1
1
0
0
1
0
1
0
0
0
0
0
0
0
0
0
0
1
0
0
0
0
0
0
0
1
0
0
0
0
0
0
0
1
0
0
1
0
0
1
1
0
0
0
0
1
1
0
0
0
0
0
1
0
0
1
0
0
1
0
0
0
0
1
0
1
1
0
0
1
0
0
1
0
0
0
0
1
0
0
0
1
0
0
0
0
0
0
0
0
0
0
1
1
0
0
0
0
0
0
0
1
0
1
0
0
0
0
1
1
0
0
0
0
0
0
1
0
1
0
0
0
1
1
1
0
1
0
0
0
0
0
0
0
0
1
0
1
0
1
0
0
0
0
1
1
1
0
1
1
0
0
1
0
0
0
1
0
1
0
0
0
0
0
1
0
0
0
1
0
1
1
0
0
1
0
0
0
0
0
0
0
0
1
0
0
1
0
1
1
1
0
0
1
0
0
0
0
0
1
0
0
0
0
1
0
0
0
0
1
1
1
0
1
1
0
0
0
0
0
1
0
0
0
0
0
0
1
0
0
0
1
0
1
0
0
1
1
0
0
0
0
0
0
1
0
0
1
0
1
0
0
0
0
0
1
0
1
1
0
1
1
1
0
0
1
1
0
0
1
1
1
0
0
1
0
0
0
1
1
0
0
1
0
0
0
0
0
0
0
0
0
1
0
1
0
1
0
0
1
1
0
0
0
1
0
0
1
1
0
0
0
1
0
0
1
1
1
0
1
0
0
1
0
1
0
1
0
0
1
0
0
0
0
0
0
0
0
0
0
0
0
0
1
0
0
0
0
1
0
1
1
0
0
1
1
1
0
0
0
0
1
1
0
0
0
0
0
1
0
1
0
0
0
1
1
0
0
1
0
0
1
1
0
0
0
0
0
0
0
0
0
1
0
1
0
1
0
1
0
0
1
1
0
0
0
0
0
0
0
1
0
0
0
0
0
0
0
0
1
0
1
0
0
0
0
0
0
0
1
0
0
0
0
1
1
0
1
0
0
0
0
1
1
0
0
0
0
1
1
0
1
0
0
0
0
1
0
1
1
0
0
0
0
0
0
1
1
1
0
1
0
0
0
0
0
0
1
0
0
0
0
1
1
1
0
0
1
1
1
0
1
1
0
0
0
0
0
0
1
0
0
1
0
0
0
0
0
0
0
1
0
0
1
1
0
1
0
0
0
0
1
1
0
0
0
0
0
0
0
1
0
0
1
1
1
0
0
0
0
0
0
0
0
1
0
1
0
0
0
1
0
0
0
0
1
1
1
0
0
0
1
1
0
0
0
0
1
0
1
0
0
0
0
1
0
0
0
0
1
0
1
0
1
1
1
0
1
0
1
1
1
0
0
0
0
1
0
1
0
1
0
0
0
0
0
0
0
0
1
0
0
0
0
0
1
0
1
0
0
0
1
1
0
0
1
0
0
1
1
1
1
0
0
1
1
0
0
0
1
0
0
0
1
1
0
1
1
0
0
1
0
1
0
1
1
1
1
0
1
0
1
0
1
0
1
0
0
1
0
0
0
1
1
1
0
1
0
1
1
0
0
0
0
1
1
0
0
1
0
1
0
0
0
0
0
0
1
0
0
1
0
1
0
0
0
1
0
1
0
0
1
1
1
1
1
0
1
0
0
0
0
0
1
1
0
0
1
0
0
0
0
0
0
1
1
1
1
1
2
1
4
2
1
7
3
2
10
11
1
7
1
5
6
1
3
2
4
36
3
1
5
6
1
3
1
9
1
5
3
1
8
1
2
59
1
3
1
8
7
3
4
3
4
1
1
1
4
6
2
2
2
1
2
4
5
4
3
2
10
1
1
5
4
1
2
1
2
2
2
1
4
9
2
1
1
1
7
1
2
1
1
2
3
0
1
1
1
2
1
2
7
7
1
0
1
1
2
2
1
0
2
5
1
0
1
6
1
6
1
1
1
0
0
0
4
2
1
2
2
0
0
1
1
3
1
1
1
0
2
0
1
2
1
0
6
0
0
1
0
1
16
0
2
2
1
2
1
0
3
0
1
3
3
1
1
1
0
0
0
0
2
0
1
2
1
1
1
7
2
1
1
0
0
3
1
0
2
1
2
0
0
1
2
1
2
0
1
1
2
1
0
1
0
1
1
1
3
1
1
1
2
1
1
1
2
1
1
1
0
0
0
1
2
4
1
0
2
2
1
0
1
4
0
1
1
0
1
0
1
0
3
2
1
2
0
2
0
1
2
1
1
1
2
1
3
1
2
5
1
0
4
1
0
12
1
1
1
9
2
2
0
1
1
2
1
7
1
2
9
2
0
2
5
1
2
1
1
17
3
1
1
1
6
5
1
6
0
1
1
2
2
9
2
2
1
1
4
1
1
2
1
1
3
1
2
1
1
1
1
1
1
2
7
5
1
1
2
8
1
1
3
2
2
4
1
1
2
2
4
1
1
1
3
5
1
5
7
8
3
0
1
2
2
1
2
0
2
1
0
1
1
0
4
0
1
1
2
2
1
3
1
2
0
2
6
2
1
1
2
1
0
1
2
1
2
1
4
2
1
1
1
1
4
2
1
6
0
0
1
1
8
1
1
0
2
1
0
26
5
2
1
4
0
7
2
1
2
1
1
2
8
1
3
6
4
5
8
4
4
1
1
4
1
6
2
1
1
1
3
3
9
3
4
1
1
1
2
1
1
2
5
2
1
0
1
2
1
2
1
15
2
2
1
2
1
2
2
4
2
2
1
11
1
2
2
0
2
1
1
2
1
1
2
1
1
3
1
11
0
1
2
4
1
1
2
3
15
2
2
1
2
7
1
2
1
2
2
2
1
1
1
1
1
1
2
2
1
1
3
1
2
7
2
1
4
1
5
1
4
2
8
1
4
1
2
2
3
2
1
2
1
4
1
2
1
6
4
7
1
2
1
7
5
15
2
4
2
3
5
1
1
4
10
1
1
2
1
2
4
1
1
7
2
1
1
4
1
1
2
3
1
2
4
3
2
6
3
8
4
2
2
2
3
1
4
6
1
7
1
5
1
1
2
1
1
1
1
2
3
1
4
1
6
2
1
7
1
4
6
2
6
4
1
5
2
1
1
2
5
3
2
3
1
3
1
2
6
1
1
3
1
2
3
1
3
1
1
4
2
1
3
2
2
1
1
2
4
2
6
3
2
1
3
4
2
4
2
4
4
2
5
8
2
4
4
1
1
2
2
2
5
6
1
2
3
4
2
1
7
2
4
3
1
3
2
2
5
1
3
2
1
7
3
2
1
7
1
3
1
6
1
1
2
3
5
3
6
1
7
2
2
2
5
3
1
1
1
1
3
1
1
7
3
2
1
3
1
3
1
4
1
7
5
1
1
2
4
6
4
1
1
3
2
2
1
1
5
2
4
4
1
8
4
2
5
2
1
2
7
1
1
4
10
2
3
2
3
1
1
2
2
2
3
1
2
2
3
4
6
2
1
8
2
5
4
3
1
3
1
4
6
1
3
1
1
2
4
2
1
2
1
3
4
8
2
1
3
1
1
1
2
3
2
2
3
1
2
3
1
2
3
2
4
5
5
2
1
5
8
2
1
3
4
3
2
4
2
2
1
1
3
2
3
3
8
1
2
1
4
2
3
1
7
2
2
3
4
3
6
1
1
1
3
2
2
3
1
2
1
5
4
8
2
2
1
12
1
2
2
2
1
3
1
2
1
4
4
3
4
2
2
7
4
4
5
1
1
6
2
2
2
4
1
5
4
10
8
3
2
3
1
2
6
2
2
2
2
1
1
2
2
2
2
1
4
1
2
2
1
2
2
1
3
3
4
1
1
2
2
2
1
6
1
3
5
1
3
1
1
2
2
1
1
1
1
4
6
1
1
1
4
2
9
8
1
2
2
6
1
3
4
4
4
4
1
1
2
2
2
4
1
9
1
1
1
1
3
1
1
1
1
2
2
1
4
2
2
3
3
5
2
5
3
1
1
1
2
1
1
1
4
7
4
6
1
4
4
2
2
2
2
4
2
2
2
3
1
5
4
1
1
3
3
3
1
5
2
1
3
1
2
1
4
18
1
1
5
4
6
4
2
2
8
1
2
1
2
1
4
3
1
2
1
2
1
1
4
2
2
1
3
2
3
2
1
2
1
5
1
1
5
3
1
2
1
1
1
3
1
2
8
5
5
4
4
6
6
3
1
1
2
4
6
2
4
1
2
2
1
2
4
2
2
2
1
1
2
5
4
2
1
2
5
4
1
4
3
1
6
2
1
8
12
1
2
11
3
2
1
1
2
1
3
2
2
4
3
3
2
1
3
1
1
2
6
1
1
1
1
3
2
1
3
1
1
2
1
1
4
1
2
2
2
2
3
2
4
7
4
1
4
3
1
8
1
5
1
2
1
4
1
7
1
3
2
2
2
1
4
3
2
1
4
1
5
2
5
6
1
1
1
7
6
4
1
3
12
7
1
3
3
5
1
2
1
4
1
2
2
2
5
3
1
4
2
1
3
1
7
1
1
1
1
1
1
1
1
2
2
1
4
6
3
5
2
2
2
2
1
1
3
1
8
3
2
2
1
1
3
1
1
1
1
1
4
7
3
1
4
1
1
1
3
2
1
1
6
2
2
6
9
1
9
4
1
1
7
2
4
3
5
1
3
5
1
5
6
1
2
2
1
10
7
2
2
2
1
1
3
1
1
2
3
1
2
1
1
5
1
2
1
1
4
4
2
2
4
2
1
2
2
2
2
5
1
1
6
2
4
3
5
3
5
1
4
3
2
1
1
1
1
1
1
1
1
2
2
5
1
5
1
1
2
2
1
7
1
1
10
3
6
1
3
1
1
1
5
3
2
2
3
5
2
1
2
3
3
1
2
6
2
2
5
7
2
3
1
13
10
2
8
2
1
4
2
1
1
1
5
1
2
1
1
4
2
3
9
1
5
3
1
1
1
2
1
3
1
1
6
1
3
5
9
5
3
3
4
1
7
2
2
1
1
1
1
4
2
1
2
